0.000000 54.000000 33.000000 3.141593 -0.000000 0.000000 -0.000000 -0.001039 
0.025180 53.999512 33.000000 -3.141581 0.038702 0.000772 0.000908 0.023455 
0.050360 53.998053 33.000000 -3.141547 0.077195 0.001537 0.001808 0.023421 
0.075540 53.995626 33.000000 -3.141490 0.115484 0.002294 0.002699 0.023364 
0.100720 53.992239 32.999999 -3.141411 0.153569 0.003040 0.003577 0.023285 
0.125900 53.987894 32.999998 -3.141310 0.191453 0.003774 0.004439 0.023184 
0.151080 53.982599 32.999996 -3.141188 0.229140 0.004492 0.005285 0.023060 
0.176260 53.976357 32.999993 -3.141044 0.266630 0.005194 0.006111 0.022916 
0.201440 53.969173 32.999989 -3.140880 0.303927 0.005878 0.006915 0.022749 
0.226620 53.961053 32.999982 -3.140696 0.341032 0.006541 0.007696 0.022562 
0.251800 53.952000 32.999973 -3.140493 0.377948 0.007183 0.008450 0.022354 
0.276980 53.942021 32.999961 -3.140271 0.414678 0.007800 0.009176 0.022125 
0.302160 53.931119 32.999946 -3.140031 0.451223 0.008392 0.009873 0.021876 
0.327339 53.919299 32.999926 -3.139774 0.487587 0.008957 0.010538 0.021608 
0.352519 53.906565 32.999901 -3.139501 0.523770 0.009494 0.011169 0.021320 
0.377699 53.892923 32.999870 -3.139212 0.559777 0.010000 0.011765 0.021014 
0.402879 53.878377 32.999833 -3.138908 0.595608 0.010476 0.012324 0.020689 
0.428059 53.862930 32.999789 -3.138591 0.631267 0.010919 0.012846 0.020346 
0.453239 53.846588 32.999738 -3.138262 0.666756 0.011328 0.013327 0.019986 
0.478419 53.829354 32.999677 -3.137921 0.702077 0.011703 0.013768 0.019608 
0.503599 53.811233 32.999608 -3.137569 0.737233 0.012042 0.014167 0.019214 
0.528779 53.792228 32.999528 -3.137208 0.772227 0.012345 0.014523 0.018805 
0.553959 53.772345 32.999437 -3.136838 0.807061 0.012610 0.014835 0.018380 
0.579139 53.751587 32.999334 -3.136461 0.841737 0.012837 0.015102 0.017940 
0.604319 53.729957 32.999219 -3.136078 0.876258 0.013025 0.015324 0.017486 
0.629499 53.707460 32.999091 -3.135689 0.910628 0.013174 0.015499 0.017018 
0.654679 53.684100 32.998948 -3.135297 0.944848 0.013283 0.015627 0.016538 
0.679859 53.659880 32.998791 -3.134903 0.978921 0.013352 0.015708 0.016045 
0.705039 53.634804 32.998618 -3.134507 1.012851 0.013380 0.015742 0.015540 
0.730219 53.608875 32.998429 -3.134111 1.046640 0.013368 0.015727 0.015025 
0.755399 53.582098 32.998223 -3.133715 1.080291 0.013315 0.015665 0.014499 
0.780579 53.554475 32.998000 -3.133322 1.113807 0.013221 0.015554 0.013964 
0.805759 53.526010 32.997759 -3.132932 1.147191 0.013087 0.015396 0.013420 
0.830939 53.496706 32.997500 -3.132547 1.180445 0.012912 0.015190 0.012868 
0.856119 53.466566 32.997221 -3.132168 1.213574 0.012697 0.014937 0.012308 
0.881299 53.435594 32.996924 -3.131795 1.246580 0.012442 0.014637 0.011741 
0.906479 53.403792 32.996606 -3.131431 1.279467 0.012147 0.014291 0.011169 
0.931659 53.371164 32.996269 -3.131076 1.312237 0.011814 0.013899 0.010592 
0.956838 53.337713 32.995911 -3.130731 1.344893 0.011443 0.013463 0.010010 
0.982018 53.303441 32.995533 -3.130398 1.377441 0.011035 0.012982 0.009425 
1.007198 53.268350 32.995135 -3.130078 1.409881 0.010590 0.012459 0.008836 
1.032378 53.232445 32.994716 -3.129771 1.442219 0.010109 0.011893 0.008246 
1.057558 53.195726 32.994276 -3.129479 1.474457 0.009594 0.011287 0.007655 
1.082738 53.158197 32.993816 -3.129203 1.506598 0.009046 0.010642 0.007063 
1.107918 53.119861 32.993336 -3.128944 1.538648 0.008465 0.009959 0.006472 
1.133098 53.080718 32.992836 -3.128702 1.570608 0.007853 0.009239 0.005882 
1.158278 53.040772 32.992317 -3.128479 1.602483 0.007212 0.008485 0.005295 
1.183458 53.000025 32.991778 -3.128275 1.634277 0.006543 0.007697 0.004710 
1.208638 52.958478 32.991221 -3.128091 1.665992 0.005847 0.006879 0.004129 
1.233818 52.916134 32.990646 -3.127929 1.697633 0.005126 0.006031 0.003552 
1.258998 52.872994 32.990053 -3.127788 1.729204 0.004382 0.005155 0.002981 
1.284178 52.829060 32.989444 -3.127669 1.760709 0.003616 0.004254 0.002416 
1.309358 52.784334 32.988819 -3.127574 1.792151 0.002831 0.003331 0.001858 
1.334538 52.738817 32.988179 -3.127502 1.823534 0.002028 0.002386 0.001308 
1.359718 52.692511 32.987525 -3.127454 1.854862 0.001209 0.001423 0.000767 
1.384898 52.645416 32.986859 -3.127430 1.886139 0.000377 0.000444 0.000235 
1.410078 52.597535 32.986180 -3.127432 1.917370 -0.000467 -0.000549 -0.000287 
1.435258 52.548867 32.985492 -3.127458 1.948558 -0.001320 -0.001553 -0.000797 
1.460438 52.499416 32.984794 -3.127510 1.979708 -0.002181 -0.002566 -0.001296 
1.485618 52.449180 32.984088 -3.127587 2.010823 -0.003047 -0.003584 -0.001782 
1.510798 52.398161 32.983376 -3.127690 2.041908 -0.003915 -0.004606 -0.002256 
1.535978 52.346360 32.982659 -3.127819 2.072966 -0.004783 -0.005627 -0.002715 
1.561158 52.293776 32.981939 -3.127974 2.104003 -0.005650 -0.006647 -0.003159 
1.586337 52.240412 32.981217 -3.128154 2.135022 -0.006511 -0.007660 -0.003588 
1.611517 52.186267 32.980495 -3.128360 2.166027 -0.007366 -0.008666 -0.004001 
1.636697 52.131341 32.979774 -3.128590 2.197024 -0.008211 -0.009660 -0.004397 
1.661877 52.075634 32.979057 -3.128846 2.228015 -0.009044 -0.010640 -0.004776 
1.687057 52.019147 32.978344 -3.129126 2.259006 -0.009862 -0.011603 -0.005136 
1.712237 51.961880 32.977639 -3.129430 2.290001 -0.010663 -0.012545 -0.005478 
1.737417 51.903831 32.976942 -3.129758 2.321004 -0.011444 -0.013464 -0.005801 
1.762597 51.845002 32.976256 -3.130108 2.352019 -0.012203 -0.014356 -0.006104 
1.787777 51.785392 32.975583 -3.130480 2.383051 -0.012936 -0.015219 -0.006386 
1.812957 51.724999 32.974923 -3.130874 2.414104 -0.013642 -0.016050 -0.006648 
1.838137 51.663824 32.974280 -3.131288 2.445183 -0.014318 -0.016844 -0.006889 
1.863317 51.601866 32.973655 -3.131722 2.476291 -0.014960 -0.017600 -0.007107 
1.888497 51.539124 32.973050 -3.132174 2.507433 -0.015567 -0.018315 -0.007304 
1.913677 51.475597 32.972466 -3.132644 2.538614 -0.016136 -0.018984 -0.007478 
1.938857 51.411285 32.971906 -3.133130 2.569838 -0.016665 -0.019606 -0.007629 
1.964037 51.346185 32.971372 -3.133631 2.601108 -0.017150 -0.020176 -0.007757 
1.989217 51.280297 32.970864 -3.134146 2.632429 -0.017589 -0.020693 -0.007861 
2.014397 51.213619 32.970385 -3.134672 2.663806 -0.017980 -0.021153 -0.007941 
2.039577 51.146150 32.969936 -3.135210 2.695243 -0.018321 -0.021554 -0.007997 
2.064757 51.077889 32.969519 -3.135757 2.726743 -0.018609 -0.021892 -0.008029 
2.089937 51.008834 32.969136 -3.136312 2.758311 -0.018841 -0.022166 -0.008036 
2.115117 50.938982 32.968786 -3.136873 2.789951 -0.019015 -0.022371 -0.008018 
2.140297 50.868333 32.968473 -3.137438 2.821666 -0.019130 -0.022506 -0.007976 
2.165477 50.796884 32.968196 -3.138006 2.853462 -0.019182 -0.022567 -0.007909 
2.190657 50.724633 32.967958 -3.138574 2.885341 -0.019170 -0.022553 -0.007816 
2.215836 50.651578 32.967758 -3.139141 2.917307 -0.019092 -0.022461 -0.007699 
2.241016 50.577717 32.967598 -3.139705 2.949365 -0.018945 -0.022289 -0.007557 
2.266196 50.503048 32.967478 -3.140263 2.981518 -0.018729 -0.022034 -0.007390 
2.291376 50.427568 32.967398 -3.140813 3.013770 -0.018439 -0.021693 -0.007198 
2.316556 50.351274 32.967359 -3.141355 3.046123 -0.018076 -0.021266 -0.006981 
2.341736 50.274164 32.967362 3.141302 3.078582 -0.017638 -0.020750 -0.006740 
2.366916 50.196236 32.967405 3.140787 3.111150 -0.017122 -0.020143 -0.006474 
2.392096 50.117486 32.967488 3.140288 3.143830 -0.016527 -0.019443 -0.006185 
2.417276 50.037912 32.967611 3.139808 3.176626 -0.015852 -0.018649 -0.005871 
2.442456 49.957511 32.967773 3.139350 3.209540 -0.015095 -0.017759 -0.005533 
2.467636 49.876279 32.967973 3.138915 3.242575 -0.014255 -0.016771 -0.005172 
2.492816 49.794214 32.968210 3.138506 3.275735 -0.013331 -0.015684 -0.004788 
2.517996 49.711313 32.968482 3.138126 3.309022 -0.012323 -0.014497 -0.004381 
2.543176 49.627572 32.968787 3.137776 3.342437 -0.011300 -0.013294 -0.003977 
2.568356 49.542988 32.969123 3.137456 3.375976 -0.010326 -0.012148 -0.003598 
2.593536 49.457559 32.969490 3.137164 3.409632 -0.009402 -0.011062 -0.003244 
2.618716 49.371280 32.969883 3.136898 3.443398 -0.008532 -0.010037 -0.002915 
2.643896 49.284151 32.970303 3.136658 3.477267 -0.007715 -0.009077 -0.002610 
2.669076 49.196167 32.970747 3.136440 3.511231 -0.006955 -0.008183 -0.002330 
2.694256 49.107327 32.971214 3.136245 3.545280 -0.006253 -0.007356 -0.002075 
2.719436 49.017629 32.971701 3.136069 3.579405 -0.005610 -0.006600 -0.001844 
2.744616 48.927071 32.972209 3.135912 3.613597 -0.005028 -0.005915 -0.001637 
2.769796 48.835651 32.972735 3.135771 3.647844 -0.004508 -0.005304 -0.001454 
2.794976 48.743368 32.973278 3.135644 3.682135 -0.004052 -0.004767 -0.001295 
2.820156 48.650222 32.973837 3.135530 3.716458 -0.003661 -0.004307 -0.001159 
2.845335 48.556211 32.974412 3.135427 3.750802 -0.003335 -0.003924 -0.001046 
2.870515 48.461335 32.975002 3.135332 3.785152 -0.003077 -0.003619 -0.000956 
2.895695 48.365595 32.975605 3.135244 3.819494 -0.002886 -0.003395 -0.000889 
2.920875 48.268990 32.976223 3.135160 3.853816 -0.002764 -0.003252 -0.000844 
2.946055 48.171521 32.976854 3.135079 3.888101 -0.002713 -0.003191 -0.000821 
2.971235 48.073190 32.977498 3.134999 3.922333 -0.002732 -0.003214 -0.000819 
2.996415 47.973998 32.978156 3.134917 3.956498 -0.002822 -0.003320 -0.000839 
3.021595 47.873946 32.978829 3.134831 3.990578 -0.002984 -0.003511 -0.000880 
3.046775 47.773038 32.979515 3.134739 4.024555 -0.003220 -0.003788 -0.000941 
3.071955 47.671276 32.980218 3.134639 4.058413 -0.003528 -0.004151 -0.001023 
3.097135 47.568663 32.980937 3.134529 4.092132 -0.003911 -0.004601 -0.001124 
3.122315 47.465203 32.981674 3.134407 4.125695 -0.004368 -0.005139 -0.001246 
3.147495 47.360898 32.982430 3.134270 4.159313 -0.004901 -0.005766 -0.001386 
3.172675 47.255744 32.983208 3.134116 4.193118 -0.005510 -0.006482 -0.001546 
3.197855 47.149737 32.984010 3.133943 4.227095 -0.006196 -0.007290 -0.001724 
3.223035 47.042873 32.984838 3.133748 4.261230 -0.006960 -0.008189 -0.001922 
3.248215 46.935147 32.985694 3.133530 4.295507 -0.007803 -0.009181 -0.002137 
3.273395 46.826558 32.986583 3.133285 4.329909 -0.008727 -0.010267 -0.002371 
3.298575 46.717100 32.987507 3.133012 4.364419 -0.009731 -0.011448 -0.002623 
3.323755 46.606773 32.988470 3.132708 4.399021 -0.010817 -0.012726 -0.002893 
3.348935 46.495574 32.989477 3.132370 4.433695 -0.011987 -0.014102 -0.003181 
3.374115 46.383502 32.990531 3.131997 4.468423 -0.013241 -0.015578 -0.003486 
3.399295 46.270555 32.991638 3.131585 4.503184 -0.014582 -0.017155 -0.003810 
3.424475 46.156733 32.992803 3.131132 4.537959 -0.016011 -0.018836 -0.004151 
3.449655 46.042036 32.994030 3.130635 4.572726 -0.017529 -0.020622 -0.004510 
3.474834 45.926465 32.995328 3.130092 4.607464 -0.019139 -0.022516 -0.004887 
3.500014 45.810020 32.996701 3.129500 4.642149 -0.020842 -0.024520 -0.005282 
3.525194 45.692704 32.998157 3.128857 4.676758 -0.022641 -0.026636 -0.005695 
3.550374 45.574519 32.999703 3.128158 4.711266 -0.024537 -0.028867 -0.006127 
3.575554 45.455468 33.001347 3.127402 4.745649 -0.026534 -0.031216 -0.006578 
3.600734 45.335554 33.003097 3.126585 4.779881 -0.028634 -0.033687 -0.007047 
3.625914 45.214782 33.004963 3.125704 4.813935 -0.030839 -0.036281 -0.007537 
3.651094 45.093157 33.006952 3.124757 4.847782 -0.033154 -0.039004 -0.008046 
3.676274 44.970685 33.009076 3.123739 4.881396 -0.035580 -0.041859 -0.008575 
3.701454 44.847372 33.011344 3.122648 4.914746 -0.038123 -0.044850 -0.009125 
3.726634 44.723226 33.013768 3.121479 4.947801 -0.040785 -0.047982 -0.009697 
3.751814 44.598254 33.016360 3.120230 4.980532 -0.043570 -0.051259 -0.010291 
3.776994 44.472467 33.019130 3.118896 5.012905 -0.046484 -0.054686 -0.010909 
3.802174 44.345873 33.022093 3.117475 5.044888 -0.049530 -0.058270 -0.011550 
3.827354 44.218484 33.025262 3.115961 5.076447 -0.052713 -0.062016 -0.012216 
3.852534 44.090312 33.028650 3.114350 5.107547 -0.056040 -0.065930 -0.012908 
3.877714 43.961369 33.032273 3.112639 5.138152 -0.059516 -0.070019 -0.013626 
3.902894 43.831668 33.036146 3.110822 5.168227 -0.063147 -0.074290 -0.014373 
3.928074 43.701225 33.040286 3.108896 5.197733 -0.066939 -0.078752 -0.015150 
3.953254 43.570056 33.044709 3.106855 5.226631 -0.070901 -0.083413 -0.015958 
3.978434 43.438177 33.049434 3.104694 5.254884 -0.075039 -0.088281 -0.016798 
4.003614 43.305607 33.054478 3.102407 5.282450 -0.079361 -0.093366 -0.017673 
4.028794 43.172364 33.059862 3.099990 5.309289 -0.083877 -0.098679 -0.018584 
4.053974 43.038470 33.065605 3.097436 5.335358 -0.088596 -0.104231 -0.019533 
4.079153 42.903946 33.071730 3.094739 5.360616 -0.093528 -0.110033 -0.020523 
4.104333 42.768814 33.078257 3.091892 5.385019 -0.098684 -0.116099 -0.021556 
4.129513 42.633100 33.085210 3.088890 5.408522 -0.104075 -0.122442 -0.022634 
4.154693 42.496828 33.092613 3.085724 5.431082 -0.109715 -0.129076 -0.023761 
4.179873 42.360027 33.100491 3.082387 5.452652 -0.115616 -0.136019 -0.024940 
4.205053 42.222724 33.108870 3.078871 5.473187 -0.121793 -0.143286 -0.026173 
4.230233 42.084950 33.117777 3.075168 5.492641 -0.128262 -0.150897 -0.027465 
4.255413 41.946736 33.127240 3.071269 5.510966 -0.135039 -0.158870 -0.028819 
4.280593 41.808115 33.137288 3.067164 5.528115 -0.142143 -0.167227 -0.030240 
4.305773 41.669123 33.147952 3.062844 5.544042 -0.149592 -0.175990 -0.031733 
4.330953 41.529795 33.159263 3.058298 5.558698 -0.157407 -0.185185 -0.033301 
4.356133 41.390171 33.171253 3.053514 5.572037 -0.165612 -0.194837 -0.034952 
4.381313 41.250289 33.183958 3.048482 5.584011 -0.174229 -0.204976 -0.036690 
4.406493 41.110193 33.197411 3.043187 5.594574 -0.183286 -0.215630 -0.038522 
4.431673 40.969925 33.211650 3.037618 5.603679 -0.192809 -0.226834 -0.040456 
4.456853 40.829532 33.226713 3.031759 5.611282 -0.202829 -0.238623 -0.042498 
4.482033 40.689060 33.242638 3.025596 5.617338 -0.213379 -0.251035 -0.044657 
4.507213 40.548561 33.259467 3.019111 5.621804 -0.224494 -0.264111 -0.046942 
4.532393 40.408085 33.277242 3.012289 5.624639 -0.236211 -0.277895 -0.049363 
4.557573 40.267688 33.296006 3.005110 5.625804 -0.248571 -0.292436 -0.051931 
4.582753 40.127424 33.315805 2.997555 5.625264 -0.261617 -0.307785 -0.054656 
4.607933 39.987353 33.336685 2.989603 5.622983 -0.275398 -0.323997 -0.057551 
4.633113 39.847536 33.358695 2.981231 5.618932 -0.289962 -0.341132 -0.060631 
4.658293 39.708037 33.381885 2.972415 5.613085 -0.305366 -0.359254 -0.063908 
4.683473 39.568920 33.406307 2.963130 5.605420 -0.321667 -0.378432 -0.067401 
4.708652 39.430255 33.432014 2.953348 5.595922 -0.338929 -0.398740 -0.071125 
4.733832 39.292113 33.459062 2.943040 5.584408 -0.357206 -0.420243 -0.075099 
4.759012 39.154579 33.487506 2.932174 5.570551 -0.376546 -0.442996 -0.079344 
4.784192 39.017740 33.517401 2.920719 5.554365 -0.397018 -0.467080 -0.083878 
4.809372 38.881688 33.548806 2.908640 5.535881 -0.418694 -0.492581 -0.088726 
4.834552 38.746515 33.581779 2.895900 5.515141 -0.441651 -0.519589 -0.093911 
4.859732 38.612319 33.616381 2.882464 5.492223 -0.465410 -0.547541 -0.099338 
4.884912 38.479192 33.652671 2.868333 5.467392 -0.488524 -0.574734 -0.104703 
4.910092 38.347226 33.690704 2.853529 5.441013 -0.510775 -0.600912 -0.109958 
4.935272 38.216500 33.730532 2.838081 5.413458 -0.531992 -0.625874 -0.115060 
4.960452 38.087088 33.772198 2.822022 5.385100 -0.551985 -0.649394 -0.119962 
4.985632 37.959057 33.815742 2.805392 5.356313 -0.570539 -0.671223 -0.124609 
5.010812 37.832464 33.861197 2.788236 5.327463 -0.587426 -0.691090 -0.128941 
5.035992 37.707357 33.908591 2.770608 5.298910 -0.602399 -0.708705 -0.132890 
5.061172 37.583777 33.957946 2.752567 5.271001 -0.615266 -0.723842 -0.136399 
5.086352 37.461754 34.009276 2.734162 5.243985 -0.627315 -0.738017 -0.139740 
5.111532 37.341317 34.062595 2.715403 5.217939 -0.639115 -0.751900 -0.143030 
5.136712 37.222494 34.117912 2.696299 5.192918 -0.650637 -0.765455 -0.146260 
5.161892 37.105314 34.175238 2.676858 5.168975 -0.661850 -0.778647 -0.149419 
5.187072 36.989803 34.234582 2.657090 5.146160 -0.672724 -0.791440 -0.152495 
5.212252 36.875990 34.295949 2.637005 5.124519 -0.683232 -0.803802 -0.155478 
5.237432 36.763904 34.359347 2.616614 5.104095 -0.693345 -0.815700 -0.158358 
5.262612 36.653573 34.424778 2.595930 5.084928 -0.703037 -0.827102 -0.161125 
5.287792 36.545024 34.492247 2.574966 5.067055 -0.712284 -0.837981 -0.163768 
5.312972 36.438285 34.561754 2.553734 5.050507 -0.721063 -0.848309 -0.166279 
5.338151 36.333386 34.633300 2.532250 5.035313 -0.729354 -0.858063 -0.168649 
5.363331 36.230355 34.706884 2.510527 5.021497 -0.737140 -0.867223 -0.170871 
5.388511 36.129219 34.782501 2.488582 5.009078 -0.744406 -0.875771 -0.172938 
5.413691 36.030007 34.860148 2.466429 4.998072 -0.751140 -0.883694 -0.174843 
5.438871 35.932748 34.939819 2.444084 4.988490 -0.757333 -0.890980 -0.176584 
5.464051 35.837471 35.021507 2.421564 4.980338 -0.762981 -0.897624 -0.178155 
5.489231 35.744203 35.105201 2.398885 4.973618 -0.768081 -0.903625 -0.179555 
5.514411 35.652973 35.190893 2.376063 4.968327 -0.772635 -0.908982 -0.180782 
5.539591 35.563811 35.278568 2.353114 4.964459 -0.776648 -0.913704 -0.181837 
5.564771 35.476744 35.368215 2.330055 4.962001 -0.780129 -0.917799 -0.182721 
5.589951 35.391803 35.459817 2.306899 4.960938 -0.783089 -0.921281 -0.183436 
5.615131 35.309015 35.553358 2.283664 4.961250 -0.785544 -0.924169 -0.183985 
5.640311 35.228411 35.648818 2.260363 4.962914 -0.787511 -0.926483 -0.184374 
5.665491 35.150018 35.746178 2.237011 4.965902 -0.789010 -0.928248 -0.184609 
5.690671 35.073866 35.845417 2.213621 4.970184 -0.790067 -0.929490 -0.184694 
5.715851 34.999984 35.946510 2.190206 4.975725 -0.790705 -0.930241 -0.184639 
5.741031 34.928402 36.049434 2.166778 4.982489 -0.790953 -0.930533 -0.184451 
5.766211 34.859148 36.154160 2.143348 4.990436 -0.790840 -0.930401 -0.184139 
5.791391 34.792253 36.260662 2.119926 4.999524 -0.790397 -0.929879 -0.183712 
5.816571 34.727745 36.368909 2.096522 5.009709 -0.789656 -0.929007 -0.183180 
5.841751 34.665654 36.478871 2.073144 5.020946 -0.788649 -0.927822 -0.182552 
5.866931 34.606009 36.590514 2.049799 5.033187 -0.787409 -0.926364 -0.181839 
5.892111 34.548840 36.703803 2.026495 5.046383 -0.785969 -0.924670 -0.181051 
5.917291 34.494177 36.818703 2.003235 5.060487 -0.784363 -0.922780 -0.180198 
5.942471 34.442048 36.935177 1.980025 5.075449 -0.782623 -0.920733 -0.179290 
5.967650 34.392483 37.053184 1.956868 5.091219 -0.780782 -0.918567 -0.178337 
5.992830 34.345512 37.172685 1.933766 5.107749 -0.778869 -0.916317 -0.177347 
6.018010 34.301164 37.293636 1.910723 5.124947 -0.776910 -0.914012 -0.176331 
6.043190 34.259471 37.415989 1.887738 5.142328 -0.774867 -0.911609 -0.175297 
6.068370 34.220465 37.539685 1.864815 5.159727 -0.772753 -0.909121 -0.174252 
6.093550 34.184179 37.664661 1.841955 5.177088 -0.770593 -0.906580 -0.173206 
6.118730 34.150642 37.790855 1.819160 5.194360 -0.768413 -0.904015 -0.172164 
6.143910 34.119885 37.918200 1.796429 5.211489 -0.766236 -0.901454 -0.171134 
6.169090 34.091935 38.046630 1.773762 5.228427 -0.764083 -0.898921 -0.170122 
6.194270 34.066818 38.176075 1.751159 5.245125 -0.761973 -0.896439 -0.169134 
6.219450 34.044560 38.306465 1.728617 5.261535 -0.759924 -0.894028 -0.168173 
6.244630 34.025181 38.437728 1.706135 5.277614 -0.757948 -0.891704 -0.167244 
6.269810 34.008706 38.569790 1.683710 5.293319 -0.756060 -0.889482 -0.166350 
6.294990 33.995152 38.702577 1.661340 5.308613 -0.754267 -0.887373 -0.165495 
6.320170 33.984539 38.836011 1.639021 5.323458 -0.752579 -0.885387 -0.164681 
6.345350 33.976881 38.970016 1.616751 5.337822 -0.751000 -0.883529 -0.163908 
6.370530 33.972194 39.104513 1.594525 5.351673 -0.749533 -0.881804 -0.163179 
6.395710 33.970490 39.239423 1.572342 5.364986 -0.748180 -0.880211 -0.162493 
6.420890 33.971780 39.374666 1.550197 5.377734 -0.746938 -0.878750 -0.161852 
6.446070 33.976071 39.510161 1.528087 5.389898 -0.745804 -0.877416 -0.161253 
6.471250 33.983371 39.645826 1.506009 5.401460 -0.744773 -0.876203 -0.160696 
6.496430 33.993683 39.781580 1.483961 5.412403 -0.743837 -0.875102 -0.160179 
6.521610 34.007010 39.917340 1.461938 5.422715 -0.742987 -0.874102 -0.159701 
6.546790 34.023352 40.053024 1.439940 5.432388 -0.742211 -0.873190 -0.159258 
6.571970 34.042706 40.188548 1.417964 5.441412 -0.741498 -0.872350 -0.158849 
6.597149 34.065068 40.323831 1.396008 5.449785 -0.740832 -0.871567 -0.158469 
6.622329 34.090430 40.458790 1.374072 5.457502 -0.740197 -0.870820 -0.158116 
6.647509 34.118784 40.593342 1.352154 5.464563 -0.739577 -0.870090 -0.157786 
6.672689 34.150117 40.727406 1.330254 5.470967 -0.738952 -0.869355 -0.157473 
6.697869 34.184415 40.860900 1.308373 5.476718 -0.738304 -0.868593 -0.157176 
6.723049 34.221661 40.993744 1.286512 5.481816 -0.737612 -0.867779 -0.156888 
6.748229 34.261836 41.125857 1.264673 5.486266 -0.736855 -0.866889 -0.156605 
6.773409 34.304917 41.257160 1.242857 5.490071 -0.736012 -0.865896 -0.156322 
6.798589 34.350879 41.387576 1.221067 5.493235 -0.735059 -0.864776 -0.156035 
6.823769 34.399695 41.517028 1.199308 5.495758 -0.733976 -0.863501 -0.155739 
6.848949 34.451335 41.645439 1.177583 5.497645 -0.732739 -0.862046 -0.155428 
6.874129 34.505765 41.772735 1.155900 5.498884 -0.731022 -0.860026 -0.155036 
6.899309 34.562948 41.898843 1.134281 5.499405 -0.728414 -0.856957 -0.154478 
6.924489 34.622840 42.023691 1.112752 5.499112 -0.724983 -0.852921 -0.153771 
6.949669 34.685390 42.147207 1.091335 5.497904 -0.720800 -0.848000 -0.152932 
6.974849 34.750542 42.269322 1.070053 5.495676 -0.715938 -0.842280 -0.151978 
7.000029 34.818235 42.389967 1.048924 5.492317 -0.710465 -0.835841 -0.150926 
7.025209 34.888401 42.509075 1.027966 5.487719 -0.704449 -0.828763 -0.149792 
7.050389 34.960968 42.626580 1.007192 5.481767 -0.697955 -0.821123 -0.148592 
7.075569 35.035857 42.742419 0.986618 5.474351 -0.691044 -0.812993 -0.147340 
7.100749 35.112985 42.856529 0.966254 5.465359 -0.683776 -0.804442 -0.146051 
7.125929 35.192267 42.968852 0.946109 5.454682 -0.676205 -0.795535 -0.144737 
7.151109 35.273609 43.079330 0.926193 5.442214 -0.668382 -0.786332 -0.143410 
7.176289 35.356917 43.187908 0.906512 5.427852 -0.660354 -0.776887 -0.142082 
7.201469 35.442092 43.294534 0.887071 5.411498 -0.652165 -0.767253 -0.140763 
7.226648 35.529031 43.399158 0.867874 5.393058 -0.643853 -0.757474 -0.139463 
7.251828 35.617628 43.501734 0.848925 5.372444 -0.635453 -0.747591 -0.138190 
7.277008 35.707775 43.602215 0.830226 5.349573 -0.626995 -0.737642 -0.136951 
7.302188 35.799360 43.700563 0.811778 5.324370 -0.618508 -0.727657 -0.135752 
7.327368 35.892270 43.796738 0.793581 5.296765 -0.610014 -0.717664 -0.134601 
7.352548 35.986389 43.890706 0.775636 5.266817 -0.601547 -0.707702 -0.133502 
7.377728 36.081614 43.982450 0.757939 5.236054 -0.593300 -0.698000 -0.132459 
7.402908 36.177867 44.071975 0.740482 5.204957 -0.585341 -0.688636 -0.131475 
7.428088 36.275073 44.159292 0.723257 5.173528 -0.577677 -0.679621 -0.130554 
7.453268 36.373157 44.244411 0.706254 5.141778 -0.570316 -0.670960 -0.129696 
7.478448 36.472050 44.327345 0.689464 5.109719 -0.563261 -0.662660 -0.128905 
7.503628 36.571683 44.408106 0.672879 5.077365 -0.556516 -0.654725 -0.128182 
7.528808 36.671991 44.486709 0.656489 5.044737 -0.550082 -0.647155 -0.127527 
7.553988 36.772908 44.563169 0.640285 5.011856 -0.543959 -0.639952 -0.126942 
7.579168 36.874374 44.637502 0.624258 4.978746 -0.538147 -0.633114 -0.126427 
7.604348 36.976329 44.709725 0.608399 4.945433 -0.532644 -0.626640 -0.125982 
7.629528 37.078718 44.779855 0.592698 4.911946 -0.527448 -0.620527 -0.125608 
7.654708 37.181486 44.847910 0.577146 4.878314 -0.522555 -0.614771 -0.125304 
7.679888 37.284580 44.913908 0.561735 4.844570 -0.517962 -0.609368 -0.125071 
7.705068 37.387951 44.977869 0.546457 4.810762 -0.513497 -0.604114 -0.124866 
7.730248 37.491553 45.039814 0.531312 4.776983 -0.509030 -0.598859 -0.124658 
7.755428 37.595342 45.099765 0.516299 4.743328 -0.504552 -0.593591 -0.124440 
7.780608 37.699277 45.157746 0.501419 4.709881 -0.500055 -0.588300 -0.124210 
7.805788 37.803321 45.213783 0.486672 4.676721 -0.495534 -0.582981 -0.123962 
7.830968 37.907440 45.267904 0.472060 4.643921 -0.490982 -0.577626 -0.123694 
7.856147 38.011601 45.320138 0.457583 4.611544 -0.486397 -0.572232 -0.123402 
7.881327 38.115776 45.370512 0.443243 4.579651 -0.481777 -0.566796 -0.123085 
7.906507 38.219937 45.419059 0.429040 4.548294 -0.477119 -0.561317 -0.122739 
7.931687 38.324060 45.465808 0.414975 4.517523 -0.472425 -0.555794 -0.122363 
7.956867 38.428123 45.510791 0.401050 4.487382 -0.467694 -0.550229 -0.121956 
7.982047 38.532106 45.554039 0.387266 4.457911 -0.462928 -0.544621 -0.121516 
8.007227 38.635992 45.595586 0.373624 4.429146 -0.458127 -0.538973 -0.121042 
8.032407 38.739764 45.635462 0.360124 4.401120 -0.453295 -0.533289 -0.120534 
8.057587 38.843410 45.673700 0.346768 4.373863 -0.448434 -0.527570 -0.119990 
8.082767 38.946917 45.710333 0.333556 4.347403 -0.443547 -0.521820 -0.119410 
8.107947 39.050275 45.745391 0.320489 4.321763 -0.438637 -0.516044 -0.118796 
8.133127 39.153476 45.778908 0.307568 4.296966 -0.433707 -0.510244 -0.118145 
8.158307 39.256513 45.810913 0.294793 4.273032 -0.428762 -0.504426 -0.117459 
8.183487 39.359381 45.841440 0.282165 4.249978 -0.423804 -0.498593 -0.116738 
8.208667 39.462077 45.870517 0.269684 4.227823 -0.418837 -0.492749 -0.115981 
8.233847 39.564598 45.898175 0.257351 4.206581 -0.413865 -0.486900 -0.115191 
8.259027 39.666944 45.924445 0.245164 4.186265 -0.408892 -0.481049 -0.114367 
8.284207 39.769114 45.949354 0.233125 4.166888 -0.403921 -0.475201 -0.113510 
8.309387 39.871112 45.972932 0.221233 4.148463 -0.398956 -0.469359 -0.112621 
8.334567 39.972940 45.995206 0.209488 4.130999 -0.393999 -0.463528 -0.111700 
8.359747 40.074602 46.016204 0.197890 4.114506 -0.389054 -0.457711 -0.110749 
8.384927 40.176104 46.035952 0.186438 4.098994 -0.384125 -0.451912 -0.109768 
8.410107 40.277452 46.054475 0.175131 4.084472 -0.379213 -0.446133 -0.108759 
8.435287 40.378654 46.071800 0.163970 4.070946 -0.374322 -0.440379 -0.107722 
8.460467 40.479718 46.087949 0.152954 4.058424 -0.369454 -0.434651 -0.106657 
8.485646 40.580653 46.102947 0.142081 4.046915 -0.364610 -0.428953 -0.105567 
8.510826 40.681470 46.116815 0.131351 4.036423 -0.359793 -0.423286 -0.104452 
8.536006 40.782180 46.129577 0.120764 4.026956 -0.355004 -0.417652 -0.103313 
8.561186 40.882795 46.141253 0.110318 4.018519 -0.350245 -0.412053 -0.102151 
8.586366 40.983327 46.151864 0.100013 4.011118 -0.345517 -0.406491 -0.100967 
8.611546 41.083789 46.161429 0.089847 4.004758 -0.340821 -0.400966 -0.099762 
8.636726 41.184197 46.169966 0.079820 3.999446 -0.336156 -0.395478 -0.098536 
8.661906 41.284565 46.177494 0.069930 3.995185 -0.331525 -0.390029 -0.097290 
8.687086 41.384908 46.184030 0.060178 3.991981 -0.326925 -0.384618 -0.096026 
8.712266 41.485242 46.189590 0.050561 3.989838 -0.322358 -0.379245 -0.094744 
8.737446 41.585585 46.194190 0.041079 3.988760 -0.317823 -0.373910 -0.093445 
8.762626 41.685952 46.197844 0.031730 3.988753 -0.313319 -0.368611 -0.092129 
8.787806 41.786363 46.200567 0.022515 3.989819 -0.308845 -0.363347 -0.090797 
8.812986 41.886834 46.202372 0.013432 3.991963 -0.304399 -0.358117 -0.089450 
8.838166 41.987386 46.203271 0.004480 3.995188 -0.299981 -0.352919 -0.088088 
8.863346 42.088036 46.203277 -0.004341 3.999498 -0.295588 -0.347751 -0.086712 
8.888526 42.188805 46.202400 -0.013033 4.004894 -0.291219 -0.342610 -0.085323 
8.913706 42.289712 46.200652 -0.021595 4.011382 -0.286870 -0.337494 -0.083920 
8.938886 42.390778 46.198041 -0.030029 4.018961 -0.282540 -0.332400 -0.082504 
8.964066 42.492022 46.194578 -0.038335 4.027636 -0.278225 -0.327324 -0.081076 
8.989246 42.593467 46.190270 -0.046513 4.037407 -0.273923 -0.322262 -0.079636 
9.014426 42.695133 46.185127 -0.054564 4.048276 -0.269630 -0.317212 -0.078184 
9.039606 42.797042 46.179154 -0.062488 4.060244 -0.265342 -0.312167 -0.076720 
9.064786 42.899215 46.172360 -0.070285 4.073311 -0.261056 -0.307125 -0.075245 
9.089966 43.001674 46.164751 -0.077955 4.087477 -0.256767 -0.302079 -0.073758 
9.115145 43.104442 46.156332 -0.085498 4.102741 -0.252472 -0.297026 -0.072260 
9.140325 43.207541 46.147109 -0.092913 4.119103 -0.248164 -0.291958 -0.070751 
9.165505 43.310992 46.137087 -0.100201 4.136559 -0.243840 -0.286871 -0.069230 
9.190685 43.414820 46.126272 -0.107360 4.155109 -0.239494 -0.281758 -0.067698 
9.215865 43.519046 46.114667 -0.114390 4.174747 -0.235121 -0.276613 -0.066154 
9.241045 43.623694 46.102276 -0.121290 4.195471 -0.230714 -0.271428 -0.064598 
9.266225 43.728785 46.089104 -0.128058 4.217274 -0.226267 -0.266197 -0.063030 
9.291405 43.834344 46.075155 -0.134695 4.240152 -0.221775 -0.260911 -0.061449 
9.316585 43.940392 46.060430 -0.141197 4.264096 -0.217229 -0.255563 -0.059856 
9.341765 44.046954 46.044936 -0.147564 4.289099 -0.212623 -0.250144 -0.058249 
9.366945 44.154051 46.028673 -0.153794 4.315152 -0.207948 -0.244645 -0.056629 
9.392125 44.261707 46.011647 -0.159884 4.342243 -0.203198 -0.239057 -0.054994 
9.417305 44.369945 45.993861 -0.165832 4.370362 -0.198363 -0.233369 -0.053343 
9.442485 44.478787 45.975318 -0.171635 4.399494 -0.193435 -0.227571 -0.051677 
9.467665 44.588255 45.956021 -0.177291 4.429626 -0.188404 -0.221651 -0.049993 
9.492845 44.698373 45.935976 -0.182797 4.460740 -0.183259 -0.215599 -0.048292 
9.518025 44.809162 45.915187 -0.188148 4.492818 -0.177992 -0.209402 -0.046572 
9.543205 44.920645 45.893659 -0.193341 4.525842 -0.172589 -0.203046 -0.044831 
9.568385 45.032844 45.871397 -0.198372 4.559788 -0.167040 -0.196518 -0.043069 
9.593565 45.145776 45.848408 -0.203236 4.593978 -0.161310 -0.189776 -0.041284 
9.618745 45.259423 45.824707 -0.207926 4.626772 -0.155335 -0.182748 -0.039476 
9.643925 45.373749 45.800316 -0.212436 4.658059 -0.149115 -0.175430 -0.037642 
9.669105 45.488717 45.775256 -0.216758 4.687803 -0.142650 -0.167823 -0.035783 
9.694285 45.604289 45.749552 -0.220885 4.715967 -0.135939 -0.159928 -0.033898 
9.719465 45.720430 45.723231 -0.224810 4.742513 -0.128982 -0.151744 -0.031985 
9.744644 45.837100 45.696321 -0.228525 4.767408 -0.121780 -0.143271 -0.030042 
9.769824 45.954261 45.668852 -0.232023 4.790614 -0.114331 -0.134507 -0.028069 
9.795004 46.071877 45.640857 -0.235296 4.812100 -0.106661 -0.125483 -0.026070 
9.820184 46.189908 45.612367 -0.238343 4.831829 -0.099022 -0.116497 -0.024105 
9.845364 46.308316 45.583420 -0.241164 4.849768 -0.091486 -0.107630 -0.022189 
9.870544 46.427061 45.554048 -0.243764 4.865885 -0.084057 -0.098891 -0.020320 
9.895724 46.546103 45.524288 -0.246145 4.880148 -0.076741 -0.090284 -0.018498 
9.920904 46.665403 45.494175 -0.248312 4.892528 -0.069543 -0.081815 -0.016721 
9.946084 46.784920 45.463746 -0.250267 4.903000 -0.062466 -0.073489 -0.014987 
9.971264 46.904612 45.433036 -0.252014 4.911539 -0.055514 -0.065311 -0.013297 
9.996444 47.024438 45.402081 -0.253557 4.918124 -0.048691 -0.057284 -0.011647 
10.021624 47.144355 45.370919 -0.254900 4.922733 -0.042000 -0.049411 -0.010037 
10.046804 47.264322 45.339584 -0.256047 4.925351 -0.035442 -0.041696 -0.008465 
10.071984 47.384295 45.308112 -0.257001 4.925962 -0.029020 -0.034141 -0.006931 
10.097164 47.504231 45.276541 -0.257767 4.924553 -0.022735 -0.026747 -0.005431 
10.122344 47.624087 45.244903 -0.258349 4.921116 -0.016589 -0.019516 -0.003966 
10.147524 47.743819 45.213236 -0.258752 4.915641 -0.010583 -0.012451 -0.002533 
10.172704 47.863382 45.181573 -0.258978 4.908125 -0.004718 -0.005551 -0.001131 
10.197884 47.982734 45.149948 -0.259033 4.898564 0.001006 0.001183 0.000242 
10.223064 48.101829 45.118395 -0.258920 4.886959 0.006588 0.007750 0.001586 
10.248244 48.220622 45.086947 -0.258644 4.873312 0.012028 0.014150 0.002904 
10.273424 48.339070 45.055635 -0.258208 4.857628 0.017326 0.020384 0.004196 
10.298604 48.457128 45.024491 -0.257619 4.839915 0.022483 0.026451 0.005465 
10.323784 48.574750 44.993546 -0.256878 4.820182 0.027499 0.032352 0.006712 
10.348964 48.691892 44.962829 -0.255991 4.798441 0.032374 0.038087 0.007937 
10.374143 48.808509 44.932369 -0.254961 4.774708 0.037109 0.043658 0.009143 
10.399323 48.924558 44.902193 -0.253793 4.748999 0.041706 0.049066 0.010331 
10.424503 49.039993 44.872330 -0.252492 4.721335 0.046164 0.054311 0.011503 
10.449683 49.154770 44.842804 -0.251060 4.691736 0.050486 0.059395 0.012659 
10.474863 49.268846 44.813640 -0.249502 4.660227 0.054672 0.064320 0.013801 
10.500043 49.382177 44.784862 -0.247822 4.626835 0.058723 0.069086 0.014930 
10.525223 49.494720 44.756492 -0.246024 4.591588 0.062642 0.073696 0.016049 
10.550403 49.606432 44.728552 -0.244112 4.554516 0.066429 0.078151 0.017157 
10.575583 49.717271 44.701063 -0.242089 4.515654 0.070086 0.082454 0.018257 
10.600763 49.827195 44.674042 -0.239961 4.475034 0.073614 0.086605 0.019350 
10.625943 49.936163 44.647508 -0.237729 4.432696 0.077016 0.090607 0.020437 
10.651123 50.044134 44.621477 -0.235399 4.388677 0.080293 0.094462 0.021520 
10.676303 50.151068 44.595965 -0.232973 4.343019 0.083446 0.098172 0.022600 
10.701483 50.256926 44.570987 -0.230456 4.295765 0.086478 0.101739 0.023679 
10.726663 50.361670 44.546554 -0.227851 4.246958 0.089391 0.105166 0.024757 
10.751843 50.465262 44.522679 -0.225161 4.196646 0.092186 0.108454 0.025837 
10.777023 50.567666 44.499372 -0.222390 4.144876 0.094866 0.111607 0.026919 
10.802203 50.668846 44.476643 -0.219542 4.091698 0.097432 0.114626 0.028006 
10.827383 50.768766 44.454499 -0.216619 4.037163 0.099886 0.117513 0.029099 
10.852563 50.867394 44.432947 -0.213625 3.981325 0.102231 0.120272 0.030199 
10.877743 50.964697 44.411994 -0.210563 3.924236 0.104468 0.122904 0.031308 
10.902923 51.060643 44.391643 -0.207437 3.865953 0.106600 0.125412 0.032428 
10.928103 51.155203 44.371898 -0.204249 3.806532 0.108628 0.127798 0.033560 
10.953283 51.248346 44.352762 -0.201002 3.746032 0.110555 0.130065 0.034706 
10.978463 51.340045 44.334234 -0.197699 3.684510 0.112383 0.132215 0.035867 
11.003642 51.430275 44.316317 -0.194344 3.622028 0.114113 0.134251 0.037047 
11.028822 51.519009 44.299007 -0.190940 3.558646 0.115748 0.136175 0.038246 
11.054002 51.606223 44.282304 -0.187488 3.494427 0.117290 0.137989 0.039466 
11.079182 51.691896 44.266205 -0.183991 3.429431 0.118741 0.139695 0.040710 
11.104362 51.776007 44.250706 -0.180453 3.363724 0.120102 0.141297 0.041979 
11.129542 51.858537 44.235801 -0.176876 3.297369 0.121376 0.142796 0.043277 
11.154722 51.939466 44.221485 -0.173263 3.230429 0.122565 0.144194 0.044604 
11.179902 52.018780 44.207752 -0.169616 3.162970 0.123669 0.145493 0.045964 
11.205082 52.096463 44.194594 -0.165937 3.095056 0.124691 0.146695 0.047358 
11.230262 52.172501 44.182004 -0.162229 3.026753 0.125633 0.147803 0.048790 
11.255442 52.246885 44.169972 -0.158494 2.958125 0.126495 0.148817 0.050262 
11.280622 52.319602 44.158488 -0.154735 2.889237 0.127279 0.149740 0.051777 
11.305802 52.390645 44.147544 -0.150954 2.820154 0.127987 0.150573 0.053337 
11.330982 52.460008 44.137127 -0.147153 2.750941 0.128619 0.151316 0.054945 
11.356162 52.527684 44.127227 -0.143335 2.681660 0.129176 0.151972 0.056605 
11.381342 52.593670 44.117832 -0.139501 2.612375 0.129659 0.152540 0.058320 
11.406522 52.657964 44.108930 -0.135653 2.543150 0.130069 0.153022 0.060092 
11.431702 52.720566 44.100507 -0.131795 2.474044 0.130405 0.153417 0.061925 
11.456882 52.781477 44.092552 -0.127928 2.405120 0.130668 0.153727 0.063822 
11.482062 52.840699 44.085050 -0.124054 2.336436 0.130857 0.153949 0.065788 
11.507242 52.898237 44.077988 -0.120176 2.268051 0.130972 0.154085 0.067824 
11.532422 52.954097 44.071352 -0.116295 2.200021 0.131012 0.154132 0.069936 
11.557602 53.008284 44.065128 -0.112415 2.132401 0.130976 0.154090 0.072125 
11.582782 53.060809 44.059301 -0.108536 2.065245 0.130862 0.153956 0.074397 
11.607962 53.111682 44.053857 -0.104662 1.998604 0.130668 0.153727 0.076754 
11.633141 53.160912 44.048781 -0.100795 1.932527 0.130392 0.153402 0.079199 
11.658321 53.208514 44.044059 -0.096938 1.867063 0.130031 0.152977 0.081737 
11.683501 53.254501 44.039676 -0.093092 1.802255 0.129581 0.152448 0.084370 
11.708681 53.298888 44.035617 -0.089261 1.738146 0.129038 0.151810 0.087100 
11.733861 53.341691 44.031868 -0.085448 1.674776 0.128399 0.151058 0.089932 
11.759041 53.382927 44.028414 -0.081655 1.612181 0.127658 0.150186 0.092866 
11.784221 53.422616 44.025241 -0.077886 1.550396 0.126810 0.149188 0.095905 
11.809401 53.460775 44.022334 -0.074143 1.489452 0.125848 0.148056 0.099050 
11.834581 53.497425 44.019680 -0.070431 1.429375 0.124766 0.146784 0.102302 
11.859761 53.532587 44.017264 -0.066752 1.370190 0.123558 0.145362 0.105660 
11.884941 53.566281 44.015073 -0.063112 1.311918 0.122214 0.143781 0.109124 
11.910121 53.598531 44.013093 -0.059513 1.254575 0.120727 0.142032 0.112691 
11.935301 53.629357 44.011311 -0.055961 1.198175 0.119089 0.140104 0.116358 
11.960481 53.658784 44.009714 -0.052459 1.142727 0.117289 0.137987 0.120121 
11.985661 53.686834 44.008289 -0.049013 1.088235 0.115319 0.135669 0.123975 
12.010841 53.713529 44.007025 -0.045628 1.034701 0.113169 0.133139 0.127911 
12.036021 53.738894 44.005908 -0.042310 0.982121 0.110828 0.130386 0.131922 
12.061201 53.762952 44.004929 -0.039064 0.930488 0.108287 0.127396 0.135995 
12.086381 53.785726 44.004075 -0.035897 0.879788 0.105535 0.124159 0.140119 
12.111561 53.807237 44.003335 -0.032814 0.830004 0.102564 0.120663 0.144279 
12.136741 53.827509 44.002700 -0.029822 0.781116 0.099363 0.116898 0.148458 
12.161921 53.846564 44.002159 -0.026929 0.733096 0.095924 0.112852 0.152638 
12.187101 53.864422 44.001703 -0.024141 0.685914 0.092240 0.108517 0.156797 
12.212281 53.881103 44.001322 -0.021467 0.639532 0.088302 0.103885 0.160913 
12.237460 53.896627 44.001009 -0.018912 0.593910 0.084107 0.098949 0.164961 
12.262640 53.911013 44.000754 -0.016486 0.549001 0.079650 0.093705 0.168915 
12.287820 53.924277 44.000550 -0.014196 0.504755 0.074928 0.088151 0.172747 
12.313000 53.936435 44.000391 -0.012050 0.461115 0.069942 0.082284 0.176429 
12.338180 53.947501 44.000268 -0.010055 0.418019 0.064693 0.076109 0.179929 
12.363360 53.957489 44.000177 -0.008219 0.375402 0.059186 0.069630 0.183219 
12.388540 53.966409 44.000111 -0.006551 0.333192 0.053427 0.062856 0.186268 
12.413720 53.974271 44.000066 -0.005056 0.291313 0.047427 0.055797 0.189046 
12.438900 53.981082 44.000036 -0.003743 0.249683 0.041197 0.048467 0.191525 
12.464080 53.986846 44.000017 -0.002618 0.208218 0.034752 0.040885 0.193678 
12.489260 53.991568 44.000007 -0.001686 0.166825 0.028110 0.033071 0.195480 
12.514440 53.995247 44.000002 -0.000954 0.125409 0.021290 0.025047 0.196909 
12.539620 53.997883 44.000000 -0.000426 0.083870 0.014316 0.016842 0.197946 
12.564800 53.999469 44.000000 -0.000107 0.042103 0.007210 0.008482 0.198576 
12.589980 54.000000 44.000000 0.000000 -0.000000 -0.000000 -0.000000 -0.198787 
