0.000000 5.000000 20.000000 1.570796 14.465242 0.140832 0.088020 0.006085 
0.012162 4.999912 20.175694 1.571769 14.427590 0.115276 0.072047 0.004994 
0.024324 4.999670 20.350929 1.572551 14.389881 0.090561 0.056600 0.003933 
0.036485 4.999309 20.525706 1.573148 14.352111 0.066704 0.041690 0.002905 
0.048647 4.998860 20.700022 1.573567 14.314280 0.043724 0.027327 0.001909 
0.060809 4.998354 20.873878 1.573815 14.276387 0.021638 0.013524 0.000947 
0.072971 4.997821 21.047272 1.573898 14.238433 0.000465 0.000291 0.000020 
0.085132 4.997289 21.220205 1.573824 14.200422 -0.019777 -0.012361 -0.000870 
0.097294 4.996784 21.392675 1.573600 14.162357 -0.039069 -0.024418 -0.001724 
0.109456 4.996331 21.564682 1.573233 14.124242 -0.057392 -0.035870 -0.002540 
0.121618 4.995954 21.736225 1.572730 14.086085 -0.074726 -0.046704 -0.003316 
0.133779 4.995675 21.907304 1.572100 14.047889 -0.091052 -0.056908 -0.004051 
0.145941 4.995515 22.077919 1.571349 14.009663 -0.106350 -0.066469 -0.004744 
0.158103 4.995493 22.248069 1.570485 13.971413 -0.120598 -0.075374 -0.005395 
0.170265 4.995627 22.417753 1.569518 13.933145 -0.133777 -0.083611 -0.006001 
0.182426 4.995932 22.586971 1.568454 13.894868 -0.145865 -0.091165 -0.006561 
0.194588 4.996423 22.755724 1.567303 13.856586 -0.156840 -0.098025 -0.007074 
0.206750 4.997113 22.924010 1.566073 13.818308 -0.166682 -0.104176 -0.007538 
0.218912 4.998014 23.091830 1.564772 13.780039 -0.175367 -0.109604 -0.007953 
0.231074 4.999135 23.259183 1.563410 13.741786 -0.182874 -0.114296 -0.008317 
0.243235 5.000485 23.426070 1.561995 13.703553 -0.189180 -0.118237 -0.008627 
0.255397 5.002071 23.592489 1.560537 13.665345 -0.194262 -0.121414 -0.008884 
0.267559 5.003897 23.758442 1.559045 13.627166 -0.198097 -0.123811 -0.009085 
0.279721 5.005966 23.923927 1.557529 13.589020 -0.200794 -0.125496 -0.009234 
0.291882 5.008282 24.088945 1.555993 13.550908 -0.203311 -0.127069 -0.009376 
0.304044 5.010846 24.253497 1.554438 13.512832 -0.205841 -0.128650 -0.009520 
0.316206 5.013659 24.417581 1.552864 13.474791 -0.208384 -0.130240 -0.009664 
0.328368 5.016724 24.581199 1.551270 13.436788 -0.210940 -0.131838 -0.009810 
0.340529 5.020041 24.744349 1.549657 13.398822 -0.213510 -0.133444 -0.009958 
0.352691 5.023613 24.907032 1.548024 13.360895 -0.216093 -0.135058 -0.010107 
0.364853 5.027442 25.069249 1.546372 13.323007 -0.218689 -0.136681 -0.010258 
0.377015 5.031528 25.230998 1.544700 13.285160 -0.221299 -0.138312 -0.010410 
0.389176 5.035874 25.392281 1.543008 13.247355 -0.223921 -0.139951 -0.010563 
0.401338 5.040482 25.553096 1.541295 13.209591 -0.226558 -0.141598 -0.010718 
0.413500 5.045352 25.713445 1.539563 13.171870 -0.229207 -0.143254 -0.010874 
0.425662 5.050487 25.873326 1.537811 13.134193 -0.231870 -0.144919 -0.011032 
0.437823 5.055889 26.032741 1.536038 13.096561 -0.234546 -0.146591 -0.011191 
0.449985 5.061558 26.191688 1.534245 13.058975 -0.237235 -0.148272 -0.011352 
0.462147 5.067497 26.350169 1.532432 13.021435 -0.239938 -0.149961 -0.011515 
0.474309 5.073707 26.508183 1.530598 12.983942 -0.242653 -0.151658 -0.011678 
0.486471 5.080189 26.665729 1.528743 12.946498 -0.245383 -0.153364 -0.011844 
0.498632 5.086946 26.822809 1.526867 12.909102 -0.248125 -0.155078 -0.012011 
0.510794 5.093979 26.979421 1.524971 12.871757 -0.250881 -0.156800 -0.012179 
0.522956 5.101289 27.135566 1.523053 12.834462 -0.253649 -0.158531 -0.012350 
0.535118 5.108878 27.291245 1.521115 12.797219 -0.256431 -0.160270 -0.012521 
0.547279 5.116748 27.446456 1.519155 12.760029 -0.259227 -0.162017 -0.012695 
0.559441 5.124899 27.601200 1.517174 12.722892 -0.262035 -0.163772 -0.012870 
0.571603 5.133335 27.755477 1.515171 12.685809 -0.264857 -0.165536 -0.013046 
0.583765 5.142055 27.909286 1.513147 12.648782 -0.267692 -0.167307 -0.013224 
0.595926 5.151062 28.062629 1.511102 12.611811 -0.270540 -0.169087 -0.013404 
0.608088 5.160356 28.215504 1.509035 12.574896 -0.273401 -0.170875 -0.013585 
0.620250 5.169941 28.367911 1.506946 12.538040 -0.276275 -0.172672 -0.013768 
0.632412 5.179816 28.519851 1.504835 12.501242 -0.279162 -0.174476 -0.013953 
0.644573 5.189984 28.671324 1.502702 12.464504 -0.282062 -0.176289 -0.014140 
0.656735 5.200446 28.822329 1.500547 12.427826 -0.284976 -0.178110 -0.014328 
0.668897 5.211203 28.972867 1.498369 12.391210 -0.287902 -0.179939 -0.014518 
0.681059 5.222256 29.122937 1.496170 12.354656 -0.290841 -0.181776 -0.014709 
0.693221 5.233608 29.272540 1.493948 12.318165 -0.293793 -0.183621 -0.014902 
0.705382 5.245260 29.421674 1.491704 12.281738 -0.296759 -0.185474 -0.015097 
0.717544 5.257212 29.570341 1.489437 12.245376 -0.299737 -0.187335 -0.015294 
0.729706 5.269467 29.718540 1.487147 12.209080 -0.302728 -0.189205 -0.015492 
0.741868 5.282025 29.866270 1.484834 12.172850 -0.305731 -0.191082 -0.015692 
0.754029 5.294888 30.013533 1.482499 12.136688 -0.308748 -0.192967 -0.015894 
0.766191 5.308057 30.160327 1.480141 12.100595 -0.311777 -0.194861 -0.016098 
0.778353 5.321534 30.306653 1.477759 12.064571 -0.314819 -0.196762 -0.016304 
0.790515 5.335320 30.452511 1.475355 12.028617 -0.317874 -0.198671 -0.016511 
0.802676 5.349417 30.597900 1.472927 11.992734 -0.320941 -0.200588 -0.016720 
0.814838 5.363824 30.742821 1.470476 11.956923 -0.324021 -0.202513 -0.016931 
0.827000 5.378545 30.887272 1.468001 11.921185 -0.327114 -0.204446 -0.017143 
0.839162 5.393579 31.031255 1.465503 11.885520 -0.330219 -0.206387 -0.017358 
0.851323 5.408929 31.174769 1.462981 11.849930 -0.333336 -0.208335 -0.017574 
0.863485 5.424595 31.317814 1.460435 11.814416 -0.336466 -0.210291 -0.017792 
0.875647 5.440579 31.460389 1.457866 11.778978 -0.339608 -0.212255 -0.018012 
0.887809 5.456882 31.602495 1.455272 11.743618 -0.342763 -0.214227 -0.018234 
0.899970 5.473505 31.744131 1.452655 11.708335 -0.345930 -0.216206 -0.018458 
0.912132 5.490450 31.885298 1.450014 11.673132 -0.349109 -0.218193 -0.018684 
0.924294 5.507717 32.025994 1.447348 11.638008 -0.352300 -0.220187 -0.018911 
0.936456 5.525307 32.166221 1.444658 11.602966 -0.355503 -0.222189 -0.019140 
0.948618 5.543222 32.305977 1.441943 11.568005 -0.358719 -0.224199 -0.019372 
0.960779 5.561463 32.445263 1.439204 11.533126 -0.361946 -0.226216 -0.019605 
0.972941 5.580031 32.584078 1.436441 11.498331 -0.365185 -0.228241 -0.019840 
0.985103 5.598927 32.722422 1.433653 11.463620 -0.368436 -0.230273 -0.020077 
0.997265 5.618152 32.860295 1.430840 11.428994 -0.371699 -0.232312 -0.020316 
1.009426 5.637707 32.997697 1.428002 11.394455 -0.374974 -0.234359 -0.020557 
1.021588 5.657594 33.134628 1.425139 11.360002 -0.378260 -0.236413 -0.020799 
1.033750 5.677813 33.271087 1.422252 11.325637 -0.381558 -0.238474 -0.021044 
1.045912 5.698365 33.407073 1.419339 11.291361 -0.384868 -0.240542 -0.021291 
1.058073 5.719251 33.542588 1.416401 11.257174 -0.388188 -0.242618 -0.021539 
1.070235 5.740473 33.677630 1.413438 11.223078 -0.391521 -0.244700 -0.021790 
1.082397 5.762031 33.812200 1.410449 11.189072 -0.394864 -0.246790 -0.022043 
1.094559 5.783927 33.946297 1.407435 11.155159 -0.398219 -0.248887 -0.022297 
1.106720 5.806160 34.079920 1.404395 11.121339 -0.401585 -0.250991 -0.022554 
1.118882 5.828733 34.213070 1.401330 11.087613 -0.404962 -0.253101 -0.022812 
1.131044 5.851645 34.345747 1.398239 11.053981 -0.408350 -0.255219 -0.023073 
1.143206 5.874899 34.477949 1.395122 11.020445 -0.411749 -0.257343 -0.023335 
1.155368 5.898494 34.609677 1.391979 10.987005 -0.415159 -0.259474 -0.023600 
1.167529 5.922433 34.740930 1.388810 10.953663 -0.418579 -0.261612 -0.023866 
1.179691 5.946714 34.871709 1.385616 10.920418 -0.422010 -0.263757 -0.024135 
1.191853 5.971340 35.002012 1.382395 10.887272 -0.425452 -0.265908 -0.024405 
1.204015 5.996312 35.131840 1.379148 10.854226 -0.428904 -0.268065 -0.024678 
1.216176 6.021629 35.261191 1.375875 10.821281 -0.432367 -0.270229 -0.024952 
1.228338 6.047293 35.390067 1.372575 10.788437 -0.435840 -0.272400 -0.025229 
1.240500 6.073305 35.518466 1.369249 10.755696 -0.439323 -0.274577 -0.025507 
1.252662 6.099666 35.646387 1.365896 10.723057 -0.442816 -0.276760 -0.025788 
1.264823 6.126375 35.773832 1.362517 10.690522 -0.446319 -0.278949 -0.026070 
1.276985 6.153434 35.900799 1.359111 10.658092 -0.449832 -0.281145 -0.026355 
1.289147 6.180844 36.027287 1.355679 10.625768 -0.453355 -0.283347 -0.026642 
1.301309 6.208605 36.153298 1.352219 10.593550 -0.456887 -0.285555 -0.026930 
1.313470 6.236718 36.278829 1.348733 10.561439 -0.460430 -0.287769 -0.027221 
1.325632 6.265184 36.403881 1.345220 10.529436 -0.463981 -0.289988 -0.027514 
1.337794 6.294003 36.528453 1.341679 10.497542 -0.467542 -0.292214 -0.027809 
1.349956 6.323176 36.652545 1.338112 10.465757 -0.471113 -0.294445 -0.028106 
1.362117 6.352703 36.776157 1.334517 10.434083 -0.474692 -0.296683 -0.028405 
1.374279 6.382585 36.899288 1.330896 10.402520 -0.478281 -0.298925 -0.028706 
1.386441 6.412824 37.021937 1.327246 10.371069 -0.481878 -0.301174 -0.029009 
1.398603 6.443418 37.144104 1.323570 10.339730 -0.485485 -0.303428 -0.029314 
1.410765 6.474370 37.265788 1.319866 10.308505 -0.489100 -0.305687 -0.029621 
1.422926 6.505678 37.386990 1.316135 10.277395 -0.492723 -0.307952 -0.029930 
1.435088 6.537345 37.507708 1.312375 10.246399 -0.496356 -0.310222 -0.030241 
1.447250 6.569370 37.627943 1.308589 10.215519 -0.499996 -0.312498 -0.030554 
1.459412 6.601754 37.747693 1.304774 10.184756 -0.503645 -0.314778 -0.030869 
1.471573 6.634497 37.866958 1.300932 10.154111 -0.507302 -0.317064 -0.031186 
1.483735 6.667600 37.985737 1.297062 10.123583 -0.510967 -0.319354 -0.031505 
1.495897 6.701063 38.104031 1.293164 10.093174 -0.514640 -0.321650 -0.031827 
1.508059 6.734887 38.221838 1.289239 10.062885 -0.518321 -0.323951 -0.032150 
1.520220 6.769072 38.339157 1.285285 10.032716 -0.522009 -0.326256 -0.032475 
1.532382 6.803618 38.455990 1.281303 10.002668 -0.525705 -0.328566 -0.032803 
1.544544 6.838526 38.572333 1.277293 9.972742 -0.529409 -0.330880 -0.033132 
1.556706 6.873796 38.688188 1.273255 9.942939 -0.533119 -0.333200 -0.033463 
1.568867 6.909429 38.803554 1.269188 9.913258 -0.536837 -0.335523 -0.033796 
1.581029 6.945424 38.918429 1.265094 9.883702 -0.540562 -0.337852 -0.034132 
1.593191 6.981782 39.032814 1.260971 9.854270 -0.544294 -0.340184 -0.034469 
1.605353 7.018504 39.146707 1.256819 9.824964 -0.548033 -0.342521 -0.034808 
1.617515 7.055589 39.260108 1.252639 9.795784 -0.551779 -0.344862 -0.035149 
1.629676 7.093038 39.373017 1.248431 9.766730 -0.555531 -0.347207 -0.035493 
1.641838 7.130851 39.485432 1.244194 9.737804 -0.559289 -0.349556 -0.035838 
1.654000 7.169029 39.597354 1.239928 9.709006 -0.563054 -0.351909 -0.036185 
1.666162 7.207570 39.708780 1.235634 9.680337 -0.566825 -0.354266 -0.036534 
1.678323 7.246477 39.819712 1.231311 9.651797 -0.570602 -0.356626 -0.036885 
1.690485 7.285748 39.930147 1.226960 9.623388 -0.574385 -0.358991 -0.037238 
1.702647 7.325384 40.040085 1.222579 9.595109 -0.578174 -0.361359 -0.037593 
1.714809 7.365385 40.149526 1.218170 9.566961 -0.581968 -0.363730 -0.037949 
1.726970 7.405751 40.258469 1.213732 9.538946 -0.585768 -0.366105 -0.038308 
1.739132 7.446482 40.366913 1.209265 9.511063 -0.589574 -0.368484 -0.038668 
1.751294 7.487578 40.474857 1.204769 9.483314 -0.593384 -0.370865 -0.039031 
1.763456 7.529040 40.582300 1.200244 9.455699 -0.597200 -0.373250 -0.039395 
1.775617 7.570866 40.689242 1.195691 9.428218 -0.601021 -0.375638 -0.039761 
1.787779 7.613058 40.795682 1.191108 9.400872 -0.604847 -0.378030 -0.040129 
1.799941 7.655616 40.901619 1.186496 9.373663 -0.608678 -0.380424 -0.040499 
1.812103 7.698538 41.007052 1.181854 9.346589 -0.612514 -0.382821 -0.040871 
1.824265 7.741826 41.111980 1.177184 9.319653 -0.616354 -0.385221 -0.041244 
1.836426 7.785479 41.216403 1.172484 9.292854 -0.620198 -0.387624 -0.041619 
1.848588 7.829497 41.320320 1.167756 9.266194 -0.624047 -0.390029 -0.041997 
1.860750 7.873879 41.423730 1.162998 9.239672 -0.627900 -0.392438 -0.042375 
1.872912 7.918627 41.526632 1.158210 9.213290 -0.631757 -0.394848 -0.042756 
1.885073 7.963739 41.629025 1.153393 9.187047 -0.635618 -0.397261 -0.043138 
1.897235 8.009215 41.730908 1.148547 9.160945 -0.639483 -0.399677 -0.043522 
1.909397 8.055056 41.832280 1.143672 9.134985 -0.643352 -0.402095 -0.043908 
1.921559 8.101261 41.933140 1.138767 9.109165 -0.647224 -0.404515 -0.044296 
1.933720 8.147829 42.033489 1.133833 9.083488 -0.651100 -0.406938 -0.044685 
1.945882 8.194761 42.133323 1.128869 9.057958 -0.654979 -0.409362 -0.045076 
1.958044 8.242057 42.232643 1.123875 9.032578 -0.658860 -0.411787 -0.045468 
1.970206 8.289715 42.331448 1.118853 9.007348 -0.662741 -0.414213 -0.045862 
1.982367 8.337737 42.429737 1.113800 8.982271 -0.666623 -0.416639 -0.046257 
1.994529 8.386121 42.527508 1.108719 8.957348 -0.670505 -0.419065 -0.046654 
2.006691 8.434867 42.624762 1.103607 8.932580 -0.674386 -0.421491 -0.047052 
2.018853 8.483975 42.721496 1.098466 8.907967 -0.678267 -0.423917 -0.047451 
2.031014 8.533445 42.817711 1.093296 8.883512 -0.682146 -0.426341 -0.047852 
2.043176 8.583276 42.913405 1.088096 8.859215 -0.686024 -0.428765 -0.048253 
2.055338 8.633468 43.008578 1.082867 8.835078 -0.689900 -0.431188 -0.048656 
2.067500 8.684021 43.103228 1.077608 8.811102 -0.693774 -0.433609 -0.049060 
2.079662 8.734933 43.197354 1.072320 8.787287 -0.697645 -0.436028 -0.049465 
2.091823 8.786206 43.290956 1.067003 8.763636 -0.701513 -0.438445 -0.049871 
2.103985 8.837838 43.384032 1.061656 8.740149 -0.705377 -0.440860 -0.050277 
2.116147 8.889829 43.476582 1.056279 8.716828 -0.709237 -0.443273 -0.050685 
2.128309 8.942178 43.568605 1.050874 8.693673 -0.713093 -0.445683 -0.051094 
2.140470 8.994885 43.660100 1.045439 8.670687 -0.716943 -0.448090 -0.051503 
2.152632 9.047949 43.751065 1.039975 8.647869 -0.720789 -0.450493 -0.051913 
2.164794 9.101371 43.841501 1.034481 8.625221 -0.724629 -0.452893 -0.052324 
2.176956 9.155149 43.931405 1.028959 8.602744 -0.728462 -0.455289 -0.052735 
2.189117 9.209283 44.020777 1.023407 8.580440 -0.732289 -0.457681 -0.053147 
2.201279 9.263772 44.109616 1.017826 8.558309 -0.736109 -0.460068 -0.053559 
2.213441 9.318616 44.197921 1.012216 8.536352 -0.739921 -0.462450 -0.053972 
2.225603 9.373815 44.285692 1.006578 8.514571 -0.743725 -0.464828 -0.054385 
2.237764 9.429366 44.372926 1.000910 8.492967 -0.747521 -0.467200 -0.054798 
2.249926 9.485271 44.459623 0.995214 8.471540 -0.751307 -0.469567 -0.055212 
2.262088 9.541528 44.545782 0.989489 8.450292 -0.755085 -0.471928 -0.055626 
2.274250 9.598137 44.631402 0.983735 8.429224 -0.758852 -0.474283 -0.056040 
2.286412 9.655097 44.716483 0.977953 8.408336 -0.762609 -0.476631 -0.056454 
2.298573 9.712407 44.801022 0.972142 8.387631 -0.766355 -0.478972 -0.056868 
2.310735 9.770066 44.885020 0.966302 8.367108 -0.770090 -0.481306 -0.057282 
2.322897 9.828075 44.968474 0.960435 8.346769 -0.773813 -0.483633 -0.057695 
2.335059 9.886432 45.051384 0.954539 8.326614 -0.777524 -0.485953 -0.058109 
2.347220 9.945136 45.133750 0.948615 8.306646 -0.781223 -0.488264 -0.058522 
2.359382 10.004186 45.215569 0.942662 8.286864 -0.784908 -0.490567 -0.058934 
2.371544 10.063583 45.296841 0.936682 8.267270 -0.788579 -0.492862 -0.059347 
2.383706 10.123324 45.377566 0.930674 8.247864 -0.792236 -0.495148 -0.059758 
2.395867 10.183410 45.457741 0.924639 8.228648 -0.795879 -0.497424 -0.060170 
2.408029 10.243838 45.537365 0.918575 8.209622 -0.799506 -0.499691 -0.060580 
2.420191 10.304610 45.616439 0.912484 8.190788 -0.803118 -0.501949 -0.060990 
2.432353 10.365723 45.694960 0.906366 8.172146 -0.806714 -0.504196 -0.061398 
2.444514 10.427177 45.772928 0.900221 8.153697 -0.810293 -0.506433 -0.061806 
2.456676 10.488970 45.850342 0.894048 8.135441 -0.813855 -0.508659 -0.062213 
2.468838 10.551103 45.927200 0.887848 8.117381 -0.817400 -0.510875 -0.062619 
2.481000 10.613573 46.003501 0.881622 8.099516 -0.820926 -0.513079 -0.063024 
2.493161 10.676380 46.079245 0.875368 8.081847 -0.824435 -0.515272 -0.063427 
2.505323 10.739524 46.154430 0.869088 8.064376 -0.827924 -0.517452 -0.063830 
2.517485 10.803002 46.229056 0.862782 8.047103 -0.831394 -0.519621 -0.064231 
2.529647 10.866814 46.303120 0.856449 8.030028 -0.834844 -0.521778 -0.064630 
2.541809 10.930959 46.376623 0.850091 8.013153 -0.838274 -0.523921 -0.065028 
2.553970 10.995437 46.449562 0.843706 7.996478 -0.841683 -0.526052 -0.065424 
2.566132 11.060245 46.521937 0.837295 7.980004 -0.845071 -0.528169 -0.065819 
2.578294 11.125382 46.593747 0.830859 7.963732 -0.848437 -0.530273 -0.066211 
2.590456 11.190849 46.664991 0.824397 7.947663 -0.851781 -0.532363 -0.066602 
2.602617 11.256643 46.735667 0.817910 7.931796 -0.855103 -0.534439 -0.066991 
2.614779 11.322764 46.805775 0.811398 7.916133 -0.858402 -0.536501 -0.067378 
2.626941 11.389209 46.875312 0.804861 7.900674 -0.861677 -0.538548 -0.067763 
2.639103 11.455979 46.944279 0.798299 7.885421 -0.864929 -0.540580 -0.068146 
2.651264 11.523072 47.012674 0.791712 7.870373 -0.868156 -0.542598 -0.068526 
2.663426 11.590487 47.080496 0.785101 7.855531 -0.871359 -0.544599 -0.068904 
2.675588 11.658222 47.147744 0.778465 7.840897 -0.874536 -0.546585 -0.069280 
2.687750 11.726276 47.214416 0.771806 7.826470 -0.877688 -0.548555 -0.069653 
2.699911 11.794648 47.280511 0.765123 7.812250 -0.880815 -0.550509 -0.070024 
2.712073 11.863338 47.346029 0.758416 7.798240 -0.883915 -0.552447 -0.070392 
2.724235 11.932342 47.410968 0.751685 7.784438 -0.886988 -0.554368 -0.070757 
2.736397 12.001661 47.475327 0.744932 7.770846 -0.890035 -0.556272 -0.071119 
2.748559 12.071293 47.539104 0.738155 7.757464 -0.893054 -0.558159 -0.071479 
2.760720 12.141236 47.602300 0.731355 7.744293 -0.896045 -0.560028 -0.071836 
2.772882 12.211489 47.664911 0.724533 7.731332 -0.899009 -0.561881 -0.072189 
2.785044 12.282052 47.726938 0.717688 7.718583 -0.901944 -0.563715 -0.072540 
2.797206 12.352921 47.788379 0.710822 7.706047 -0.904850 -0.565531 -0.072887 
2.809367 12.424097 47.849233 0.703933 7.693722 -0.907727 -0.567330 -0.073231 
2.821529 12.495577 47.909499 0.697022 7.681610 -0.910575 -0.569110 -0.073572 
2.833691 12.567360 47.969175 0.690090 7.669712 -0.913394 -0.570871 -0.073910 
2.845853 12.639445 48.028260 0.683137 7.658027 -0.916182 -0.572614 -0.074244 
2.858014 12.711830 48.086754 0.676162 7.646556 -0.918940 -0.574337 -0.074574 
2.870176 12.784514 48.144654 0.669167 7.635299 -0.921667 -0.576042 -0.074901 
2.882338 12.857495 48.201960 0.662151 7.624257 -0.924364 -0.577728 -0.075224 
2.894500 12.930772 48.258670 0.655115 7.613430 -0.927030 -0.579394 -0.075544 
2.906661 13.004342 48.314784 0.648058 7.602818 -0.929664 -0.581040 -0.075859 
2.918823 13.078206 48.370299 0.640982 7.592421 -0.932267 -0.582667 -0.076171 
2.930985 13.152360 48.425215 0.633886 7.582241 -0.934838 -0.584274 -0.076479 
2.943147 13.226804 48.479531 0.626770 7.572276 -0.937377 -0.585861 -0.076783 
2.955308 13.301535 48.533245 0.619635 7.562528 -0.939884 -0.587428 -0.077083 
2.967470 13.376553 48.586356 0.612482 7.552996 -0.942359 -0.588974 -0.077379 
2.979632 13.451855 48.638863 0.605310 7.543681 -0.944801 -0.590501 -0.077671 
2.991794 13.527440 48.690764 0.598119 7.534583 -0.947210 -0.592006 -0.077958 
3.003956 13.603306 48.742058 0.590910 7.525702 -0.949587 -0.593492 -0.078242 
3.016117 13.679452 48.792744 0.583683 7.517038 -0.951930 -0.594956 -0.078521 
3.028279 13.755875 48.842822 0.576439 7.508593 -0.954240 -0.596400 -0.078795 
3.040441 13.832575 48.892288 0.569177 7.500364 -0.956517 -0.597823 -0.079066 
3.052603 13.909548 48.941143 0.561898 7.492354 -0.958761 -0.599226 -0.079331 
3.064764 13.986794 48.989384 0.554602 7.484561 -0.960971 -0.600607 -0.079593 
3.076926 14.064311 49.037011 0.547289 7.476987 -0.963147 -0.601967 -0.079850 
3.089088 14.142097 49.084022 0.539960 7.469631 -0.965290 -0.603306 -0.080102 
3.101250 14.220149 49.130416 0.532614 7.462493 -0.967399 -0.604624 -0.080349 
3.113411 14.298467 49.176192 0.525253 7.455573 -0.969474 -0.605921 -0.080592 
3.125573 14.377049 49.221349 0.517876 7.448872 -0.971515 -0.607197 -0.080831 
3.137735 14.455891 49.265884 0.510484 7.442390 -0.973522 -0.608451 -0.081064 
3.149897 14.534994 49.309797 0.503077 7.436126 -0.975495 -0.609685 -0.081293 
3.162058 14.614354 49.353087 0.495654 7.430081 -0.977435 -0.610897 -0.081517 
3.174220 14.693970 49.395751 0.488218 7.424254 -0.979340 -0.612087 -0.081736 
3.186382 14.773840 49.437789 0.480766 7.418646 -0.981211 -0.613257 -0.081951 
3.198544 14.853962 49.479200 0.473301 7.413257 -0.983048 -0.614405 -0.082160 
3.210706 14.934333 49.519982 0.465822 7.408087 -0.984852 -0.615532 -0.082365 
3.222867 15.014953 49.560134 0.458329 7.403135 -0.986621 -0.616638 -0.082564 
3.235029 15.095818 49.599654 0.450823 7.398402 -0.988356 -0.617723 -0.082759 
3.247191 15.176928 49.638541 0.443304 7.393888 -0.990058 -0.618786 -0.082949 
3.259353 15.258279 49.676794 0.435772 7.389593 -0.991726 -0.619829 -0.083133 
3.271514 15.339870 49.714411 0.428228 7.385516 -0.993360 -0.620850 -0.083313 
3.283676 15.421699 49.751391 0.420671 7.381658 -0.994961 -0.621850 -0.083488 
3.295838 15.503764 49.787733 0.413102 7.378019 -0.996528 -0.622830 -0.083657 
3.308000 15.586062 49.823435 0.405522 7.374598 -0.998061 -0.623788 -0.083822 
3.320161 15.668591 49.858497 0.397930 7.371396 -0.999561 -0.624726 -0.083981 
3.332323 15.751350 49.892915 0.390326 7.368413 -1.001028 -0.625643 -0.084136 
3.344485 15.834336 49.926690 0.382712 7.365647 -1.002462 -0.626539 -0.084285 
3.356647 15.917547 49.959819 0.375087 7.363101 -1.003863 -0.627415 -0.084430 
3.368808 16.000980 49.992302 0.367451 7.360772 -1.005231 -0.628270 -0.084569 
3.380970 16.084634 50.024137 0.359805 7.358662 -1.006567 -0.629104 -0.084703 
3.393132 16.168507 50.055322 0.352149 7.356771 -1.007870 -0.629919 -0.084832 
3.405294 16.252595 50.085856 0.344483 7.355097 -1.009140 -0.630713 -0.084956 
3.417456 16.336897 50.115738 0.336808 7.353642 -1.010379 -0.631487 -0.085075 
3.429617 16.421411 50.144967 0.329123 7.352404 -1.011585 -0.632241 -0.085188 
3.441779 16.506134 50.173540 0.321430 7.351385 -1.012759 -0.632975 -0.085297 
3.453941 16.591064 50.201457 0.313727 7.350583 -1.013902 -0.633689 -0.085401 
3.466103 16.676198 50.228716 0.306016 7.350000 -1.015014 -0.634384 -0.085499 
3.478264 16.761535 50.255316 0.298297 7.349634 -1.016094 -0.635059 -0.085593 
3.490426 16.847072 50.281255 0.290570 7.349486 -1.017143 -0.635714 -0.085681 
3.502588 16.932806 50.306531 0.282834 7.349555 -1.018161 -0.636351 -0.085764 
3.514750 17.018736 50.331144 0.275091 7.349842 -1.019148 -0.636968 -0.085843 
3.526911 17.104858 50.355092 0.267341 7.350347 -1.020105 -0.637566 -0.085916 
3.539073 17.191170 50.378373 0.259584 7.351070 -1.021032 -0.638145 -0.085984 
3.551235 17.277670 50.400987 0.251819 7.352009 -1.021929 -0.638706 -0.086048 
3.563397 17.364356 50.422930 0.244048 7.353166 -1.022796 -0.639247 -0.086106 
3.575558 17.451224 50.444203 0.236271 7.354541 -1.023633 -0.639771 -0.086159 
3.587720 17.538274 50.464804 0.228487 7.356133 -1.024441 -0.640276 -0.086208 
3.599882 17.625500 50.484731 0.220697 7.357942 -1.025220 -0.640763 -0.086251 
3.612044 17.712903 50.503982 0.212901 7.359969 -1.025970 -0.641232 -0.086290 
3.624205 17.800478 50.522556 0.205100 7.362212 -1.026692 -0.641682 -0.086324 
3.636367 17.888224 50.540453 0.197293 7.364673 -1.027385 -0.642116 -0.086352 
3.648529 17.976137 50.557669 0.189481 7.367352 -1.028050 -0.642531 -0.086376 
3.660691 18.064215 50.574204 0.181665 7.370247 -1.028687 -0.642929 -0.086396 
3.672853 18.152457 50.590057 0.173843 7.373360 -1.029296 -0.643310 -0.086410 
3.685014 18.240857 50.605225 0.166017 7.376691 -1.029878 -0.643674 -0.086420 
3.697176 18.329416 50.619708 0.158187 7.380238 -1.030432 -0.644020 -0.086424 
3.709338 18.418129 50.633503 0.150352 7.384003 -1.030960 -0.644350 -0.086425 
3.721500 18.506994 50.646610 0.142514 7.387985 -1.031461 -0.644663 -0.086420 
3.733661 18.596008 50.659026 0.134672 7.392185 -1.031935 -0.644960 -0.086411 
3.745823 18.685169 50.670751 0.126826 7.396603 -1.032383 -0.645240 -0.086397 
3.757985 18.774473 50.681782 0.118978 7.401238 -1.032805 -0.645503 -0.086379 
3.770147 18.863919 50.692118 0.111126 7.406090 -1.033201 -0.645751 -0.086356 
3.782308 18.953504 50.701759 0.103271 7.411153 -1.033571 -0.645982 -0.086328 
3.794470 19.043223 50.710701 0.095413 7.416425 -1.033914 -0.646196 -0.086296 
3.806632 19.133076 50.718944 0.087553 7.421905 -1.034230 -0.646394 -0.086259 
3.818794 19.223058 50.726486 0.079691 7.427595 -1.034520 -0.646575 -0.086218 
3.830955 19.313167 50.733326 0.071826 7.433495 -1.034784 -0.646740 -0.086173 
3.843117 19.403399 50.739461 0.063960 7.439603 -1.035023 -0.646889 -0.086123 
3.855279 19.493753 50.744891 0.056092 7.445922 -1.035236 -0.647022 -0.086068 
3.867441 19.584225 50.749614 0.048222 7.452450 -1.035423 -0.647139 -0.086010 
3.879603 19.674811 50.753628 0.040351 7.459187 -1.035586 -0.647241 -0.085947 
3.891764 19.765510 50.756933 0.032479 7.466135 -1.035723 -0.647327 -0.085879 
3.903926 19.856317 50.759525 0.024606 7.473294 -1.035836 -0.647397 -0.085808 
3.916088 19.947231 50.761404 0.016732 7.480662 -1.035924 -0.647452 -0.085732 
3.928250 20.038247 50.762569 0.008857 7.488242 -1.035987 -0.647492 -0.085652 
3.940411 20.129363 50.763017 0.000983 7.496032 -1.036027 -0.647517 -0.085568 
3.952573 20.220576 50.762747 -0.006892 7.504034 -1.036042 -0.647526 -0.085480 
3.964735 20.311882 50.761759 -0.014767 7.512247 -1.036034 -0.647521 -0.085387 
3.976897 20.403279 50.760049 -0.022642 7.520671 -1.036002 -0.647501 -0.085291 
3.989058 20.494763 50.757616 -0.030517 7.529308 -1.035946 -0.647466 -0.085190 
4.001220 20.586332 50.754460 -0.038391 7.538157 -1.035867 -0.647417 -0.085086 
4.013382 20.677982 50.750578 -0.046264 7.547219 -1.035764 -0.647353 -0.084977 
4.025544 20.769709 50.745970 -0.054137 7.556493 -1.035639 -0.647274 -0.084865 
4.037705 20.861512 50.740632 -0.062008 7.565981 -1.035491 -0.647182 -0.084748 
4.049867 20.953386 50.734565 -0.069878 7.575682 -1.035319 -0.647075 -0.084628 
4.062029 21.045329 50.727766 -0.077747 7.585598 -1.035126 -0.646953 -0.084504 
4.074191 21.137336 50.720234 -0.085615 7.595728 -1.034908 -0.646817 -0.084376 
4.086352 21.229406 50.711967 -0.093480 7.606073 -1.034619 -0.646637 -0.084240 
4.098514 21.321534 50.702964 -0.101343 7.616636 -1.034239 -0.646399 -0.084095 
4.110676 21.413717 50.693224 -0.109202 7.627417 -1.033765 -0.646103 -0.083941 
4.122838 21.505953 50.682744 -0.117058 7.638420 -1.033198 -0.645749 -0.083777 
4.135000 21.598238 50.671524 -0.124909 7.649646 -1.032538 -0.645336 -0.083603 
4.147161 21.690569 50.659563 -0.132755 7.661096 -1.031785 -0.644866 -0.083421 
4.159323 21.782942 50.646858 -0.140594 7.672771 -1.030938 -0.644336 -0.083229 
4.171485 21.875355 50.633410 -0.148427 7.684675 -1.029998 -0.643749 -0.083028 
4.183647 21.967805 50.619216 -0.156252 7.696807 -1.028964 -0.643103 -0.082818 
4.195808 22.060287 50.604276 -0.164069 7.709168 -1.027837 -0.642398 -0.082598 
4.207970 22.152799 50.588588 -0.171877 7.721761 -1.026617 -0.641636 -0.082370 
4.220132 22.245339 50.572152 -0.179676 7.734585 -1.025304 -0.640815 -0.082132 
4.232294 22.337902 50.554967 -0.187464 7.747642 -1.023899 -0.639937 -0.081886 
4.244455 22.430486 50.537031 -0.195241 7.760932 -1.022402 -0.639001 -0.081630 
4.256617 22.523088 50.518344 -0.203007 7.774455 -1.020813 -0.638008 -0.081366 
4.268779 22.615704 50.498905 -0.210760 7.788213 -1.019133 -0.636958 -0.081094 
4.280941 22.708332 50.478713 -0.218499 7.802206 -1.017362 -0.635851 -0.080812 
4.293102 22.800968 50.457767 -0.226226 7.816434 -1.015502 -0.634688 -0.080523 
4.305264 22.893610 50.436068 -0.233937 7.830896 -1.013552 -0.633470 -0.080225 
4.317426 22.986254 50.413613 -0.241634 7.845593 -1.011514 -0.632196 -0.079918 
4.329588 23.078897 50.390403 -0.249314 7.860526 -1.009388 -0.630868 -0.079604 
4.341750 23.171537 50.366438 -0.256978 7.875692 -1.007176 -0.629485 -0.079282 
4.353911 23.264170 50.341715 -0.264625 7.891093 -1.004878 -0.628048 -0.078952 
4.366073 23.356794 50.316236 -0.272254 7.906728 -1.002494 -0.626559 -0.078614 
4.378235 23.449405 50.290000 -0.279865 7.922596 -1.000027 -0.625017 -0.078269 
4.390397 23.542001 50.263006 -0.287457 7.938697 -0.997478 -0.623424 -0.077917 
4.402558 23.634578 50.235254 -0.295029 7.955029 -0.994846 -0.621779 -0.077558 
4.414720 23.727134 50.206744 -0.302580 7.971592 -0.992134 -0.620084 -0.077191 
4.426882 23.819666 50.177475 -0.310111 7.988384 -0.989343 -0.618339 -0.076818 
4.439044 23.912170 50.147449 -0.317620 8.005405 -0.986474 -0.616546 -0.076438 
4.451205 24.004645 50.116663 -0.325108 8.022654 -0.983528 -0.614705 -0.076052 
4.463367 24.097087 50.085119 -0.332572 8.040129 -0.980506 -0.612816 -0.075659 
4.475529 24.189492 50.052816 -0.340013 8.057828 -0.977411 -0.610882 -0.075261 
4.487691 24.281860 50.019755 -0.347431 8.075751 -0.974242 -0.608901 -0.074856 
4.499852 24.374186 49.985935 -0.354824 8.093895 -0.971003 -0.606877 -0.074446 
4.512014 24.466467 49.951357 -0.362192 8.112258 -0.967693 -0.604808 -0.074030 
4.524176 24.558702 49.916020 -0.369535 8.130840 -0.964315 -0.602697 -0.073609 
4.536338 24.650887 49.879926 -0.376851 8.149637 -0.960871 -0.600544 -0.073183 
4.548500 24.743019 49.843073 -0.384142 8.168648 -0.957361 -0.598350 -0.072752 
4.560661 24.835096 49.805464 -0.391405 8.187871 -0.953787 -0.596117 -0.072316 
4.572823 24.927114 49.767097 -0.398641 8.207303 -0.950151 -0.593844 -0.071876 
4.584985 25.019072 49.727974 -0.405849 8.226943 -0.946454 -0.591534 -0.071431 
4.597147 25.110966 49.688095 -0.413029 8.246787 -0.942698 -0.589187 -0.070982 
4.609308 25.202794 49.647460 -0.420180 8.266834 -0.938885 -0.586803 -0.070529 
4.621470 25.294553 49.606070 -0.427302 8.287080 -0.935017 -0.584385 -0.070073 
4.633632 25.386241 49.563926 -0.434395 8.307524 -0.931094 -0.581934 -0.069613 
4.645794 25.477854 49.521027 -0.441457 8.328162 -0.927118 -0.579449 -0.069150 
4.657955 25.569390 49.477376 -0.448489 8.348991 -0.923092 -0.576932 -0.068684 
4.670117 25.660846 49.432973 -0.455490 8.370009 -0.919017 -0.574385 -0.068214 
4.682279 25.752220 49.387818 -0.462460 8.391213 -0.914894 -0.571809 -0.067742 
4.694441 25.843509 49.341912 -0.469398 8.412599 -0.910725 -0.569203 -0.067268 
4.706602 25.934711 49.295256 -0.476305 8.434165 -0.906512 -0.566570 -0.066791 
4.718764 26.025823 49.247852 -0.483179 8.455907 -0.902256 -0.563910 -0.066312 
4.730926 26.116843 49.199700 -0.490021 8.477823 -0.897960 -0.561225 -0.065831 
4.743088 26.207767 49.150801 -0.496830 8.499907 -0.893625 -0.558515 -0.065348 
4.755249 26.298593 49.101156 -0.503606 8.522159 -0.889252 -0.555782 -0.064864 
4.767411 26.389320 49.050766 -0.510348 8.544573 -0.884843 -0.553027 -0.064378 
4.779573 26.479943 48.999633 -0.517057 8.567146 -0.880399 -0.550250 -0.063891 
4.791735 26.570462 48.947758 -0.523732 8.589876 -0.875923 -0.547452 -0.063403 
4.803897 26.660872 48.895141 -0.530373 8.612757 -0.871416 -0.544635 -0.062915 
4.816058 26.751173 48.841785 -0.536980 8.635787 -0.866880 -0.541800 -0.062425 
4.828220 26.841361 48.787691 -0.543551 8.658962 -0.862316 -0.538947 -0.061935 
4.840382 26.931434 48.732859 -0.550089 8.682278 -0.857725 -0.536078 -0.061445 
4.852544 27.021390 48.677292 -0.556591 8.705731 -0.853110 -0.533194 -0.060954 
4.864705 27.111225 48.620991 -0.563058 8.729317 -0.848471 -0.530294 -0.060464 
4.876867 27.200939 48.563958 -0.569489 8.753032 -0.843811 -0.527382 -0.059973 
4.889029 27.290528 48.506193 -0.575885 8.776873 -0.839130 -0.524456 -0.059483 
4.901191 27.379990 48.447699 -0.582246 8.800835 -0.834431 -0.521519 -0.058993 
4.913352 27.469322 48.388478 -0.588571 8.824915 -0.829714 -0.518572 -0.058504 
4.925514 27.558524 48.328530 -0.594859 8.849107 -0.824982 -0.515614 -0.058016 
4.937676 27.647591 48.267859 -0.601112 8.873409 -0.820235 -0.512647 -0.057528 
4.949838 27.736521 48.206465 -0.607329 8.897815 -0.815475 -0.509672 -0.057042 
4.961999 27.825314 48.144350 -0.613509 8.922322 -0.810704 -0.506690 -0.056556 
4.974161 27.913965 48.081517 -0.619653 8.946925 -0.805922 -0.503701 -0.056072 
4.986323 28.002474 48.017967 -0.625761 8.971621 -0.801131 -0.500707 -0.055589 
4.998485 28.090837 47.953702 -0.631832 8.996404 -0.796332 -0.497707 -0.055107 
5.010647 28.179053 47.888725 -0.637867 9.021271 -0.791527 -0.494704 -0.054628 
5.022808 28.267118 47.823036 -0.643865 9.046218 -0.786716 -0.491698 -0.054150 
5.034970 28.355032 47.756640 -0.649827 9.071238 -0.781902 -0.488689 -0.053673 
5.047132 28.442792 47.689536 -0.655752 9.096330 -0.777085 -0.485678 -0.053199 
5.059294 28.530396 47.621729 -0.661640 9.121487 -0.772266 -0.482666 -0.052727 
5.071455 28.617841 47.553220 -0.667492 9.146706 -0.767446 -0.479654 -0.052256 
5.083617 28.705126 47.484011 -0.673307 9.171982 -0.762627 -0.476642 -0.051788 
5.095779 28.792248 47.414104 -0.679085 9.197311 -0.757810 -0.473631 -0.051323 
5.107941 28.879206 47.343503 -0.684827 9.222687 -0.752996 -0.470622 -0.050860 
5.120102 28.965996 47.272209 -0.690533 9.248108 -0.748185 -0.467616 -0.050399 
5.132264 29.052618 47.200224 -0.696201 9.273567 -0.743379 -0.464612 -0.049940 
5.144426 29.139068 47.127552 -0.701834 9.299061 -0.738579 -0.461612 -0.049485 
5.156588 29.225346 47.054195 -0.707429 9.324586 -0.733786 -0.458616 -0.049032 
5.168749 29.311449 46.980155 -0.712989 9.350135 -0.729000 -0.455625 -0.048582 
5.180911 29.397375 46.905436 -0.718512 9.375706 -0.724222 -0.452639 -0.048134 
5.193073 29.483121 46.830039 -0.723999 9.401293 -0.719455 -0.449659 -0.047690 
5.205235 29.568687 46.753967 -0.729449 9.426892 -0.714697 -0.446686 -0.047249 
5.217396 29.654070 46.677224 -0.734864 9.452499 -0.709950 -0.443719 -0.046810 
5.229558 29.739268 46.599811 -0.740242 9.478108 -0.705216 -0.440760 -0.046375 
5.241720 29.824279 46.521733 -0.745584 9.503715 -0.700494 -0.437808 -0.045942 
5.253882 29.909101 46.442990 -0.750891 9.529316 -0.695785 -0.434866 -0.045513 
5.266044 29.993733 46.363588 -0.756162 9.554907 -0.691090 -0.431931 -0.045087 
5.278205 30.078172 46.283527 -0.761397 9.580481 -0.686410 -0.429007 -0.044665 
5.290367 30.162417 46.202813 -0.766597 9.606036 -0.681746 -0.426091 -0.044245 
5.302529 30.246466 46.121446 -0.771761 9.631566 -0.677098 -0.423186 -0.043829 
5.314691 30.330317 46.039432 -0.776890 9.657066 -0.672466 -0.420291 -0.043417 
5.326852 30.413968 45.956771 -0.781984 9.682533 -0.667852 -0.417408 -0.043007 
5.339014 30.497417 45.873469 -0.787043 9.707962 -0.663256 -0.414535 -0.042601 
5.351176 30.580662 45.789528 -0.792067 9.733348 -0.658678 -0.411674 -0.042199 
5.363338 30.663703 45.704950 -0.797057 9.758687 -0.654120 -0.408825 -0.041800 
5.375499 30.746537 45.619740 -0.802011 9.783974 -0.649580 -0.405988 -0.041404 
5.387661 30.829162 45.533901 -0.806932 9.809205 -0.645061 -0.403163 -0.041012 
5.399823 30.911576 45.447436 -0.811818 9.834374 -0.640562 -0.400351 -0.040623 
5.411985 30.993778 45.360349 -0.816670 9.859479 -0.636085 -0.397553 -0.040238 
5.424146 31.075767 45.272642 -0.821488 9.884514 -0.631628 -0.394768 -0.039857 
5.436308 31.157540 45.184319 -0.826272 9.909474 -0.627193 -0.391996 -0.039479 
5.448470 31.239096 45.095385 -0.831023 9.934356 -0.622781 -0.389238 -0.039104 
5.460632 31.320433 45.005841 -0.835740 9.959155 -0.618391 -0.386494 -0.038733 
5.472794 31.401550 44.915693 -0.840424 9.983867 -0.614024 -0.383765 -0.038366 
5.484955 31.482444 44.824942 -0.845074 10.008486 -0.609680 -0.381050 -0.038002 
5.497117 31.563116 44.733594 -0.849692 10.033010 -0.605360 -0.378350 -0.037642 
5.509279 31.643561 44.641652 -0.854277 10.057432 -0.601063 -0.375665 -0.037285 
5.521441 31.723781 44.549119 -0.858830 10.081750 -0.596791 -0.372994 -0.036932 
5.533602 31.803771 44.456000 -0.863350 10.105959 -0.592543 -0.370339 -0.036583 
5.545764 31.883533 44.362297 -0.867838 10.130053 -0.588319 -0.367700 -0.036237 
5.557926 31.963062 44.268016 -0.872294 10.154031 -0.584121 -0.365076 -0.035894 
5.570088 32.042359 44.173158 -0.876718 10.177885 -0.579948 -0.362467 -0.035556 
5.582249 32.121422 44.077730 -0.881110 10.201614 -0.575774 -0.359859 -0.035219 
5.594411 32.200248 43.981734 -0.885466 10.225179 -0.569927 -0.356205 -0.034782 
5.606573 32.278839 43.885177 -0.889768 10.248476 -0.561452 -0.350908 -0.034189 
5.618735 32.357193 43.788066 -0.893995 10.271398 -0.550413 -0.344008 -0.033444 
5.630896 32.435313 43.690413 -0.898129 10.293803 -0.536871 -0.335544 -0.032552 
5.643058 32.513201 43.592232 -0.902150 10.315546 -0.520882 -0.325552 -0.031519 
5.655220 32.590860 43.493539 -0.906041 10.336479 -0.502501 -0.314063 -0.030348 
5.667382 32.668294 43.394355 -0.909784 10.356459 -0.482359 -0.301475 -0.029078 
5.679543 32.745510 43.294700 -0.913375 10.375424 -0.462504 -0.289065 -0.027833 
5.691705 32.822512 43.194596 -0.916817 10.393371 -0.443094 -0.276934 -0.026621 
5.703867 32.899305 43.094064 -0.920112 10.410301 -0.424112 -0.265070 -0.025441 
5.716029 32.975894 42.993127 -0.923265 10.426214 -0.405542 -0.253464 -0.024292 
5.728191 33.052284 42.891804 -0.926278 10.441109 -0.387368 -0.242105 -0.023172 
5.740352 33.128481 42.790117 -0.929155 10.454989 -0.369576 -0.230985 -0.022079 
5.752514 33.204489 42.688086 -0.931898 10.467857 -0.352150 -0.220094 -0.021014 
5.764676 33.280312 42.585731 -0.934509 10.479715 -0.335077 -0.209423 -0.019973 
5.776838 33.355957 42.483072 -0.936992 10.490568 -0.318343 -0.198964 -0.018957 
5.788999 33.431428 42.380128 -0.939350 10.500419 -0.301935 -0.188709 -0.017964 
5.801161 33.506729 42.276920 -0.941583 10.509274 -0.285840 -0.178650 -0.016993 
5.813323 33.581866 42.173466 -0.943696 10.517139 -0.270047 -0.168779 -0.016043 
5.825485 33.656842 42.069785 -0.945689 10.524019 -0.254543 -0.159089 -0.015112 
5.837646 33.731663 41.965897 -0.947566 10.529922 -0.239317 -0.149573 -0.014201 
5.849808 33.806334 41.861819 -0.949328 10.534855 -0.224358 -0.140224 -0.013307 
5.861970 33.880858 41.757570 -0.950977 10.538825 -0.209655 -0.131034 -0.012431 
5.874132 33.955241 41.653167 -0.952516 10.541840 -0.195199 -0.121999 -0.011571 
5.886293 34.029486 41.548629 -0.953946 10.543909 -0.180979 -0.113112 -0.010726 
5.898455 34.103599 41.443973 -0.955268 10.545042 -0.166986 -0.104366 -0.009896 
5.910617 34.177584 41.339217 -0.956485 10.545247 -0.153211 -0.095757 -0.009080 
5.922779 34.251445 41.234377 -0.957598 10.544534 -0.139646 -0.087279 -0.008276 
5.934941 34.325187 41.129470 -0.958608 10.542913 -0.126280 -0.078925 -0.007486 
5.947102 34.398813 41.024513 -0.959518 10.540394 -0.113107 -0.070692 -0.006706 
5.959264 34.472328 40.919522 -0.960328 10.536989 -0.100119 -0.062574 -0.005938 
5.971426 34.545737 40.814514 -0.961040 10.532708 -0.087308 -0.054567 -0.005181 
5.983588 34.619043 40.709504 -0.961656 10.527562 -0.074666 -0.046666 -0.004433 
5.995749 34.692250 40.604508 -0.962176 10.521564 -0.062187 -0.038867 -0.003694 
6.007911 34.765364 40.499541 -0.962602 10.514724 -0.049863 -0.031165 -0.002964 
6.020073 34.838387 40.394620 -0.962934 10.507055 -0.037689 -0.023556 -0.002242 
6.032235 34.911324 40.289758 -0.963175 10.498570 -0.025658 -0.016036 -0.001527 
6.044396 34.984179 40.184970 -0.963325 10.489280 -0.013764 -0.008603 -0.000820 
6.056558 35.056955 40.080272 -0.963384 10.479199 -0.002001 -0.001251 -0.000119 
6.068720 35.129657 39.975677 -0.963355 10.468339 0.009636 0.006023 0.000575 
6.080882 35.202289 39.871199 -0.963238 10.456714 0.021153 0.013221 0.001264 
6.093043 35.274855 39.766853 -0.963034 10.444336 0.032555 0.020347 0.001948 
6.105205 35.347357 39.662653 -0.962744 10.431220 0.043847 0.027404 0.002627 
6.117367 35.419801 39.558611 -0.962368 10.417378 0.055033 0.034396 0.003302 
6.129529 35.492189 39.454741 -0.961907 10.402825 0.066119 0.041324 0.003972 
6.141691 35.564526 39.351056 -0.961363 10.387575 0.077108 0.048192 0.004639 
6.153852 35.636815 39.247569 -0.960735 10.371642 0.088004 0.055003 0.005303 
6.166014 35.709060 39.144292 -0.960025 10.355039 0.098812 0.061758 0.005964 
6.178176 35.781265 39.041239 -0.959233 10.337782 0.109536 0.068460 0.006622 
6.190338 35.853432 38.938420 -0.958360 10.319885 0.120178 0.075112 0.007278 
6.202499 35.925565 38.835849 -0.957407 10.301362 0.130743 0.081715 0.007932 
6.214661 35.997669 38.733536 -0.956373 10.282228 0.141234 0.088271 0.008584 
6.226823 36.069746 38.631494 -0.955260 10.262497 0.151654 0.094784 0.009235 
6.238985 36.141800 38.529734 -0.954068 10.242186 0.162005 0.101253 0.009885 
6.251146 36.213834 38.428267 -0.952797 10.221308 0.172291 0.107682 0.010534 
6.263308 36.285852 38.327104 -0.951448 10.199879 0.182514 0.114071 0.011182 
6.275470 36.357857 38.226256 -0.950022 10.177913 0.192677 0.120423 0.011830 
6.287632 36.429852 38.125733 -0.948519 10.155427 0.202782 0.126738 0.012477 
6.299793 36.501840 38.025546 -0.946940 10.132435 0.212830 0.133019 0.013125 
6.311955 36.573825 37.925705 -0.945284 10.108953 0.222825 0.139266 0.013773 
6.324117 36.645810 37.826219 -0.943553 10.084996 0.232768 0.145480 0.014422 
6.336279 36.717798 37.727099 -0.941746 10.060580 0.242660 0.151662 0.015071 
6.348440 36.789792 37.628354 -0.939864 10.035719 0.252503 0.157814 0.015720 
6.360602 36.861796 37.529993 -0.937907 10.010431 0.262298 0.163936 0.016371 
6.372764 36.933811 37.432026 -0.935876 9.984730 0.272048 0.170030 0.017023 
6.384926 37.005842 37.334462 -0.933772 9.958632 0.281752 0.176095 0.017676 
6.397088 37.077892 37.237309 -0.931593 9.932153 0.291411 0.182132 0.018330 
6.409249 37.149962 37.140576 -0.929342 9.905308 0.301027 0.188142 0.018985 
6.421411 37.222057 37.044271 -0.927017 9.878113 0.310600 0.194125 0.019642 
6.433573 37.294179 36.948402 -0.924620 9.850584 0.320130 0.200081 0.020301 
6.445735 37.366331 36.852978 -0.922151 9.822738 0.329618 0.206011 0.020961 
6.457896 37.438516 36.758006 -0.919609 9.794588 0.339063 0.211915 0.021623 
6.470058 37.510736 36.663493 -0.916996 9.766152 0.348467 0.217792 0.022286 
6.482220 37.582994 36.569448 -0.914312 9.737446 0.357828 0.223642 0.022952 
6.494382 37.655294 36.475877 -0.911556 9.708484 0.367146 0.229466 0.023619 
6.506543 37.727638 36.382788 -0.908730 9.679284 0.376421 0.235263 0.024287 
6.518705 37.800028 36.290187 -0.905834 9.649860 0.385652 0.241033 0.024958 
6.530867 37.872467 36.198081 -0.902868 9.620229 0.394839 0.246774 0.025630 
6.543029 37.944958 36.106476 -0.899832 9.590406 0.403979 0.252487 0.026304 
6.555190 38.017503 36.015379 -0.896727 9.560407 0.413073 0.258171 0.026979 
6.567352 38.090105 35.924795 -0.893552 9.530248 0.422119 0.263824 0.027656 
6.579514 38.162767 35.834731 -0.890310 9.499945 0.431115 0.269447 0.028334 
6.591676 38.235490 35.745192 -0.886999 9.469513 0.440059 0.275037 0.029013 
6.603838 38.308278 35.656184 -0.883620 9.438968 0.448951 0.280594 0.029694 
6.615999 38.381132 35.567712 -0.880174 9.408326 0.457787 0.286117 0.030375 
6.628161 38.454056 35.479782 -0.876661 9.377602 0.466566 0.291604 0.031057 
6.640323 38.527051 35.392398 -0.873081 9.346811 0.475286 0.297054 0.031740 
6.652485 38.600120 35.305564 -0.869435 9.315970 0.483944 0.302465 0.032424 
6.664646 38.673265 35.219287 -0.865724 9.285093 0.492536 0.307835 0.033107 
6.676808 38.746489 35.133569 -0.861948 9.254196 0.501062 0.313164 0.033791 
6.688970 38.819794 35.048416 -0.858107 9.223294 0.509517 0.318448 0.034474 
6.701132 38.893181 34.963831 -0.854202 9.192403 0.517898 0.323686 0.035157 
6.713293 38.966654 34.879819 -0.850234 9.161537 0.526202 0.328876 0.035838 
6.725455 39.040214 34.796382 -0.846203 9.130711 0.534425 0.334016 0.036519 
6.737617 39.113864 34.713525 -0.842110 9.099940 0.542565 0.339103 0.037198 
6.749779 39.187605 34.631251 -0.837955 9.069240 0.550616 0.344135 0.037876 
6.761940 39.261440 34.549562 -0.833739 9.038624 0.558575 0.349110 0.038551 
6.774102 39.335370 34.468463 -0.829464 9.008108 0.566439 0.354024 0.039223 
6.786264 39.409398 34.387955 -0.825129 8.977705 0.574201 0.358876 0.039893 
6.798426 39.483526 34.308042 -0.820735 8.947430 0.581859 0.363662 0.040559 
6.810587 39.557756 34.228725 -0.816283 8.917298 0.589407 0.368380 0.041221 
6.822749 39.632089 34.150008 -0.811775 8.887322 0.596841 0.373026 0.041878 
6.834911 39.706528 34.071892 -0.807210 8.857516 0.604156 0.377597 0.042531 
6.847073 39.781074 33.994379 -0.802591 8.827895 0.611346 0.382091 0.043179 
6.859235 39.855730 33.917471 -0.797917 8.798470 0.618406 0.386504 0.043820 
6.871396 39.930496 33.841169 -0.793190 8.769257 0.625332 0.390833 0.044456 
6.883558 40.005376 33.765475 -0.788411 8.740268 0.632118 0.395073 0.045084 
6.895720 40.080370 33.690390 -0.783581 8.711516 0.638757 0.399223 0.045704 
6.907882 40.155481 33.615916 -0.778701 8.683014 0.645245 0.403278 0.046317 
6.920043 40.230710 33.542052 -0.773772 8.654775 0.651575 0.407235 0.046920 
6.932205 40.306058 33.468800 -0.768796 8.626811 0.657743 0.411089 0.047515 
6.944367 40.381528 33.396161 -0.763773 8.599135 0.663741 0.414838 0.048099 
6.956529 40.457122 33.324134 -0.758706 8.571758 0.669563 0.418477 0.048672 
6.968690 40.532840 33.252719 -0.753595 8.544692 0.675204 0.422003 0.049234 
6.980852 40.608684 33.181918 -0.748442 8.517949 0.680658 0.425411 0.049784 
6.993014 40.684656 33.111729 -0.743248 8.491540 0.685934 0.428709 0.050323 
7.005176 40.760758 33.042153 -0.738014 8.465471 0.691160 0.431975 0.050859 
7.017337 40.836990 32.973189 -0.732741 8.439741 0.696363 0.435227 0.051394 
7.029499 40.913355 32.904836 -0.727428 8.414351 0.701542 0.438464 0.051929 
7.041661 40.989853 32.837095 -0.722076 8.389298 0.706696 0.441685 0.052463 
7.053823 41.066487 32.769966 -0.716685 8.364584 0.711825 0.444891 0.052996 
7.065985 41.143257 32.703447 -0.711255 8.340208 0.716929 0.448080 0.053528 
7.078146 41.220165 32.637540 -0.705786 8.316168 0.722005 0.451253 0.054059 
7.090308 41.297212 32.572243 -0.700279 8.292464 0.727055 0.454409 0.054588 
7.102470 41.374400 32.507557 -0.694733 8.269096 0.732076 0.457548 0.055117 
7.114632 41.451729 32.443481 -0.689149 8.246063 0.737070 0.460668 0.055643 
7.126793 41.529200 32.380016 -0.683528 8.223364 0.742034 0.463771 0.056169 
7.138955 41.606815 32.317161 -0.677869 8.201000 0.746968 0.466855 0.056692 
7.151117 41.684575 32.254917 -0.672173 8.178969 0.751873 0.469920 0.057213 
7.163279 41.762481 32.193283 -0.666439 8.157271 0.756746 0.472966 0.057733 
7.175440 41.840534 32.132260 -0.660668 8.135905 0.761588 0.475993 0.058251 
7.187602 41.918735 32.071846 -0.654861 8.114870 0.766398 0.478999 0.058766 
7.199764 41.997085 32.012044 -0.649018 8.094167 0.771176 0.481985 0.059279 
7.211926 42.075584 31.952852 -0.643138 8.073794 0.775920 0.484950 0.059789 
7.224087 42.154235 31.894271 -0.637222 8.053751 0.780631 0.487895 0.060297 
7.236249 42.233036 31.836301 -0.631270 8.034037 0.785308 0.490818 0.060802 
7.248411 42.311990 31.778942 -0.625284 8.014652 0.789951 0.493719 0.061305 
7.260573 42.391097 31.722195 -0.619262 7.995595 0.794558 0.496599 0.061805 
7.272734 42.470358 31.666059 -0.613205 7.976865 0.799130 0.499456 0.062301 
7.284896 42.549773 31.610535 -0.607113 7.958462 0.803665 0.502291 0.062795 
7.297058 42.629343 31.555623 -0.600987 7.940385 0.808165 0.505103 0.063285 
7.309220 42.709069 31.501324 -0.594827 7.922634 0.812628 0.507892 0.063772 
7.321382 42.788951 31.447637 -0.588634 7.905208 0.817053 0.510658 0.064255 
7.333543 42.868991 31.394564 -0.582406 7.888106 0.821441 0.513401 0.064735 
7.345705 42.949187 31.342104 -0.576146 7.871327 0.825791 0.516119 0.065212 
7.357867 43.029542 31.290258 -0.569853 7.854872 0.830103 0.518814 0.065684 
7.370029 43.110055 31.239027 -0.563527 7.838738 0.834376 0.521485 0.066153 
7.382190 43.190726 31.188410 -0.557168 7.822927 0.838610 0.524131 0.066618 
7.394352 43.271557 31.138409 -0.550778 7.807436 0.842805 0.526753 0.067078 
7.406514 43.352547 31.089024 -0.544356 7.792265 0.846960 0.529350 0.067535 
7.418676 43.433697 31.040255 -0.537903 7.777414 0.851076 0.531922 0.067987 
7.430837 43.515007 30.992103 -0.531418 7.762882 0.855152 0.534470 0.068435 
7.442999 43.596478 30.944569 -0.524902 7.748668 0.859187 0.536992 0.068879 
7.455161 43.678108 30.897653 -0.518357 7.734772 0.863182 0.539489 0.069318 
7.467323 43.759900 30.851356 -0.511780 7.721192 0.867137 0.541961 0.069753 
7.479484 43.841852 30.805679 -0.505174 7.707928 0.871051 0.544407 0.070183 
7.491646 43.923965 30.760622 -0.498539 7.694980 0.874924 0.546828 0.070608 
7.503808 44.006239 30.716186 -0.491874 7.682346 0.878756 0.549223 0.071028 
7.515970 44.088674 30.672372 -0.485180 7.670014 0.882546 0.551591 0.071444 
7.528132 44.171270 30.629180 -0.478457 7.657921 0.886287 0.553929 0.071855 
7.540293 44.254025 30.586612 -0.471706 7.646059 0.889976 0.556235 0.072260 
7.552455 44.336939 30.544670 -0.464928 7.634427 0.893614 0.558509 0.072661 
7.564617 44.420010 30.503354 -0.458121 7.623025 0.897201 0.560751 0.073056 
7.576779 44.503238 30.462667 -0.451288 7.611852 0.900737 0.562961 0.073446 
7.588940 44.586621 30.422608 -0.444428 7.600909 0.904221 0.565138 0.073831 
7.601102 44.670158 30.383179 -0.437542 7.590194 0.907654 0.567284 0.074210 
7.613264 44.753849 30.344382 -0.430630 7.579708 0.911035 0.569397 0.074584 
7.625426 44.837691 30.306217 -0.423693 7.569449 0.914365 0.571478 0.074953 
7.637587 44.921684 30.268687 -0.416730 7.559417 0.917643 0.573527 0.075316 
7.649749 45.005826 30.231791 -0.409743 7.549613 0.920869 0.575543 0.075674 
7.661911 45.090116 30.195533 -0.402731 7.540034 0.924044 0.577527 0.076026 
7.674073 45.174553 30.159911 -0.395695 7.530681 0.927167 0.579480 0.076372 
7.686234 45.259135 30.124929 -0.388636 7.521553 0.930239 0.581399 0.076713 
7.698396 45.343860 30.090587 -0.381554 7.512649 0.933260 0.583287 0.077048 
7.710558 45.428727 30.056886 -0.374448 7.503969 0.936229 0.585143 0.077378 
7.722720 45.513735 30.023828 -0.367321 7.495512 0.939147 0.586967 0.077702 
7.734882 45.598882 29.991413 -0.360172 7.487276 0.942015 0.588759 0.078020 
7.747043 45.684166 29.959644 -0.353000 7.479262 0.944832 0.590520 0.078332 
7.759205 45.769586 29.928521 -0.345808 7.471469 0.947598 0.592249 0.078638 
7.771367 45.855140 29.898045 -0.338595 7.463895 0.950314 0.593946 0.078939 
7.783529 45.940826 29.868218 -0.331361 7.456541 0.952980 0.595613 0.079233 
7.795690 46.026642 29.839040 -0.324108 7.449404 0.955597 0.597248 0.079522 
7.807852 46.112587 29.810514 -0.316834 7.442485 0.958164 0.598852 0.079805 
7.820014 46.198659 29.782640 -0.309542 7.435782 0.960681 0.600426 0.080083 
7.832176 46.284855 29.755419 -0.302230 7.429295 0.963151 0.601969 0.080354 
7.844337 46.371174 29.728853 -0.294900 7.423022 0.965571 0.603482 0.080620 
7.856499 46.457614 29.702942 -0.287551 7.416963 0.967944 0.604965 0.080879 
7.868661 46.544173 29.677689 -0.280185 7.411117 0.970269 0.606418 0.081133 
7.880823 46.630849 29.653094 -0.272801 7.405482 0.972546 0.607841 0.081381 
7.892984 46.717639 29.629158 -0.265400 7.400059 0.974777 0.609236 0.081623 
7.905146 46.804541 29.605882 -0.257983 7.394845 0.976961 0.610601 0.081860 
7.917308 46.891554 29.583268 -0.250548 7.389839 0.979099 0.611937 0.082090 
7.929470 46.978675 29.561317 -0.243098 7.385042 0.981191 0.613245 0.082315 
7.941631 47.065902 29.540029 -0.235632 7.380452 0.983238 0.614524 0.082535 
7.953793 47.153232 29.519407 -0.228151 7.376067 0.985241 0.615775 0.082748 
7.965955 47.240664 29.499451 -0.220655 7.371887 0.987198 0.616999 0.082956 
7.978117 47.328194 29.480162 -0.213143 7.367911 0.989112 0.618195 0.083158 
7.990279 47.415821 29.461542 -0.205618 7.364137 0.990983 0.619364 0.083354 
8.002440 47.503542 29.443591 -0.198078 7.360565 0.992810 0.620507 0.083545 
8.014602 47.591355 29.426311 -0.190525 7.357194 0.994596 0.621622 0.083730 
8.026764 47.679256 29.409702 -0.182958 7.354023 0.996339 0.622712 0.083910 
8.038926 47.767244 29.393766 -0.175379 7.351050 0.998040 0.623775 0.084084 
8.051087 47.855316 29.378505 -0.167786 7.348274 0.999701 0.624813 0.084252 
8.063249 47.943469 29.363918 -0.160181 7.345696 1.001321 0.625825 0.084416 
8.075411 48.031701 29.350007 -0.152564 7.343312 1.002901 0.626813 0.084573 
8.087573 48.120009 29.336774 -0.144935 7.341123 1.004441 0.627776 0.084726 
8.099734 48.208390 29.324218 -0.137294 7.339128 1.005942 0.628714 0.084872 
8.111896 48.296841 29.312342 -0.129643 7.337325 1.007405 0.629628 0.085014 
8.124058 48.385361 29.301146 -0.121980 7.335713 1.008830 0.630518 0.085150 
8.136220 48.473945 29.290631 -0.114306 7.334292 1.010216 0.631385 0.085282 
8.148381 48.562592 29.280799 -0.106622 7.333060 1.011566 0.632229 0.085407 
8.160543 48.651297 29.271650 -0.098928 7.332017 1.012879 0.633049 0.085528 
8.172705 48.740059 29.263185 -0.091224 7.331161 1.014156 0.633847 0.085644 
8.184867 48.828874 29.255406 -0.083511 7.330491 1.015397 0.634623 0.085754 
8.197029 48.917740 29.248312 -0.075788 7.330007 1.016603 0.635377 0.085860 
8.209190 49.006653 29.241906 -0.068056 7.329708 1.017773 0.636108 0.085960 
8.221352 49.095611 29.236189 -0.060316 7.329592 1.018910 0.636818 0.086056 
8.233514 49.184610 29.231160 -0.052567 7.329659 1.020012 0.637507 0.086146 
8.245676 49.273647 29.226822 -0.044810 7.329908 1.021080 0.638175 0.086232 
8.257837 49.362719 29.223174 -0.037044 7.330337 1.022116 0.638822 0.086313 
8.269999 49.451823 29.220218 -0.029271 7.330947 1.023118 0.639449 0.086389 
8.282161 49.540956 29.217956 -0.021491 7.331736 1.024088 0.640055 0.086460 
8.294323 49.630114 29.216386 -0.013703 7.332703 1.025026 0.640641 0.086526 
8.306484 49.719295 29.215512 -0.005908 7.333848 1.025932 0.641207 0.086588 
8.318646 49.808495 29.215333 0.001893 7.335169 1.026807 0.641754 0.086645 
8.330808 49.897711 29.215850 0.009702 7.336667 1.027650 0.642281 0.086698 
8.342970 49.986939 29.217064 0.017516 7.338339 1.028463 0.642789 0.086746 
8.355131 50.076177 29.218977 0.025336 7.340186 1.029245 0.643278 0.086789 
8.367293 50.165420 29.221588 0.033163 7.342206 1.029998 0.643748 0.086828 
8.379455 50.254666 29.224898 0.040995 7.344400 1.030720 0.644200 0.086862 
8.391617 50.343911 29.228909 0.048832 7.346765 1.031412 0.644633 0.086892 
8.403778 50.433151 29.233621 0.056674 7.349302 1.032075 0.645047 0.086917 
8.415940 50.522383 29.239035 0.064522 7.352010 1.032709 0.645443 0.086938 
8.428102 50.611604 29.245152 0.072374 7.354889 1.033314 0.645821 0.086954 
8.440264 50.700811 29.251972 0.080230 7.357936 1.033890 0.646181 0.086967 
8.452426 50.789998 29.259495 0.088091 7.361153 1.034438 0.646524 0.086975 
8.464587 50.879164 29.267724 0.095956 7.364539 1.034957 0.646848 0.086978 
8.476749 50.968305 29.276658 0.103824 7.368092 1.035447 0.647155 0.086977 
8.488911 51.057416 29.286298 0.111697 7.371813 1.035910 0.647443 0.086972 
8.501073 51.146495 29.296645 0.119572 7.375701 1.036344 0.647715 0.086963 
8.513234 51.235537 29.307699 0.127451 7.379755 1.036750 0.647969 0.086950 
8.525396 51.324539 29.319461 0.135333 7.383975 1.037128 0.648205 0.086932 
8.537558 51.413498 29.331931 0.143218 7.388360 1.037478 0.648424 0.086910 
8.549720 51.502409 29.345111 0.151105 7.392911 1.037801 0.648626 0.086884 
8.561881 51.591269 29.359000 0.158995 7.397626 1.038096 0.648810 0.086854 
8.574043 51.680075 29.373600 0.166886 7.402505 1.038362 0.648976 0.086820 
8.586205 51.768821 29.388910 0.174780 7.407549 1.038601 0.649126 0.086781 
8.598367 51.857506 29.404931 0.182675 7.412756 1.038812 0.649258 0.086739 
8.610528 51.946125 29.421664 0.190572 7.418126 1.038995 0.649372 0.086692 
8.622690 52.034673 29.439109 0.198470 7.423659 1.039150 0.649469 0.086642 
8.634852 52.123148 29.457267 0.206370 7.429355 1.039277 0.649548 0.086587 
8.647014 52.211546 29.476138 0.214270 7.435213 1.039376 0.649610 0.086528 
8.659176 52.299862 29.495722 0.222170 7.441233 1.039447 0.649654 0.086465 
8.671337 52.388093 29.516020 0.230071 7.447415 1.039489 0.649681 0.086398 
8.683499 52.476235 29.537033 0.237973 7.453758 1.039503 0.649689 0.086327 
8.695661 52.564284 29.558759 0.245874 7.460264 1.039488 0.649680 0.086252 
8.707823 52.652236 29.581201 0.253775 7.466930 1.039444 0.649653 0.086173 
8.719984 52.740087 29.604357 0.261676 7.473758 1.039372 0.649607 0.086090 
8.732146 52.827834 29.628229 0.269576 7.480746 1.039270 0.649544 0.086003 
8.744308 52.915473 29.652817 0.277475 7.487895 1.039138 0.649461 0.085912 
8.756470 53.002998 29.678121 0.285373 7.495205 1.038977 0.649361 0.085816 
8.768631 53.090408 29.704140 0.293270 7.502676 1.038787 0.649242 0.085717 
8.780793 53.177697 29.730876 0.301165 7.510306 1.038566 0.649104 0.085614 
8.792955 53.264862 29.758328 0.309058 7.518098 1.038315 0.648947 0.085506 
8.805117 53.351898 29.786497 0.316949 7.526049 1.038033 0.648771 0.085395 
8.817278 53.438802 29.815382 0.324838 7.534161 1.037721 0.648575 0.085280 
8.829440 53.525570 29.844985 0.332725 7.542433 1.037377 0.648361 0.085160 
8.841602 53.612198 29.875304 0.340609 7.550864 1.037002 0.648126 0.085037 
8.853764 53.698681 29.906340 0.348490 7.559456 1.036596 0.647872 0.084909 
8.865925 53.785017 29.938092 0.356367 7.568208 1.036157 0.647598 0.084777 
8.878087 53.871199 29.970562 0.364241 7.577120 1.035687 0.647304 0.084642 
8.890249 53.957226 30.003748 0.372112 7.586191 1.035183 0.646990 0.084502 
8.902411 54.043093 30.037651 0.379978 7.595422 1.034647 0.646654 0.084358 
8.914573 54.128795 30.072271 0.387841 7.604814 1.034078 0.646299 0.084211 
8.926734 54.214329 30.107607 0.395699 7.614364 1.033475 0.645922 0.084059 
8.938896 54.299690 30.143660 0.403552 7.624075 1.032838 0.645524 0.083903 
8.951058 54.384875 30.180429 0.411400 7.633945 1.032167 0.645105 0.083743 
8.963220 54.469880 30.217914 0.419243 7.643975 1.031462 0.644664 0.083579 
8.975381 54.554700 30.256114 0.427080 7.654164 1.030722 0.644201 0.083411 
8.987543 54.639332 30.295031 0.434912 7.664512 1.029947 0.643717 0.083238 
8.999705 54.723772 30.334662 0.442738 7.675021 1.029136 0.643210 0.083062 
9.011867 54.808015 30.375009 0.450557 7.685688 1.028290 0.642681 0.082882 
9.024028 54.892058 30.416070 0.458370 7.696515 1.027407 0.642130 0.082698 
9.036190 54.975896 30.457845 0.466176 7.707501 1.026488 0.641555 0.082509 
9.048352 55.059525 30.500334 0.473975 7.718645 1.025533 0.640958 0.082317 
9.060514 55.142942 30.543536 0.481766 7.729949 1.024540 0.640338 0.082120 
9.072675 55.226143 30.587452 0.489550 7.741412 1.023510 0.639694 0.081920 
9.084837 55.309123 30.632079 0.497326 7.753033 1.022442 0.639027 0.081715 
9.096999 55.391878 30.677419 0.505093 7.764813 1.021337 0.638336 0.081507 
9.109161 55.474405 30.723470 0.512852 7.776751 1.020193 0.637621 0.081294 
9.121323 55.556699 30.770232 0.520602 7.788847 1.019011 0.636882 0.081077 
9.133484 55.638757 30.817704 0.528343 7.801101 1.017790 0.636118 0.080857 
9.145646 55.720575 30.865885 0.536075 7.813513 1.016529 0.635331 0.080632 
9.157808 55.802148 30.914776 0.543796 7.826082 1.015230 0.634519 0.080404 
9.169970 55.883472 30.964374 0.551508 7.838808 1.013891 0.633682 0.080171 
9.182131 55.964545 31.014680 0.559210 7.851690 1.012512 0.632820 0.079935 
9.194293 56.045361 31.065692 0.566901 7.864730 1.011093 0.631933 0.079694 
9.206455 56.125916 31.117411 0.574581 7.877925 1.009634 0.631021 0.079450 
9.218617 56.206208 31.169834 0.582249 7.891276 1.008135 0.630084 0.079202 
9.230778 56.286232 31.222961 0.589906 7.904782 1.006594 0.629121 0.078950 
9.242940 56.365984 31.276791 0.597552 7.918442 1.005013 0.628133 0.078694 
9.255102 56.445460 31.331324 0.605185 7.932257 1.003391 0.627120 0.078434 
9.267264 56.524656 31.386557 0.612805 7.946226 1.001728 0.626080 0.078171 
9.279425 56.603569 31.442491 0.620413 7.960348 1.000024 0.625015 0.077904 
9.291587 56.682194 31.499124 0.628008 7.974622 0.998278 0.623924 0.077633 
9.303749 56.760529 31.556455 0.635589 7.989048 0.996491 0.622807 0.077358 
9.315911 56.838568 31.614483 0.643156 8.003625 0.994662 0.621664 0.077080 
9.328073 56.916309 31.673207 0.650710 8.018353 0.992791 0.620495 0.076798 
9.340234 56.993747 31.732625 0.658249 8.033230 0.990879 0.619299 0.076512 
9.352396 57.070879 31.792737 0.665773 8.048256 0.988925 0.618078 0.076223 
9.364558 57.147701 31.853541 0.673283 8.063431 0.986929 0.616831 0.075931 
9.376720 57.224209 31.915035 0.680777 8.078752 0.984892 0.615557 0.075635 
9.388881 57.300399 31.977219 0.688255 8.094220 0.982812 0.614258 0.075335 
9.401043 57.376269 32.040091 0.695717 8.109833 0.980691 0.612932 0.075032 
9.413205 57.451814 32.103650 0.703164 8.125590 0.978528 0.611580 0.074726 
9.425367 57.527030 32.167893 0.710593 8.141490 0.976273 0.610171 0.074413 
9.437528 57.601914 32.232821 0.718005 8.157533 0.973890 0.608681 0.074090 
9.449690 57.676463 32.298430 0.725398 8.173717 0.971380 0.607113 0.073757 
9.461852 57.750672 32.364720 0.732772 8.190043 0.968746 0.605466 0.073415 
9.474014 57.824540 32.431688 0.740125 8.206507 0.965988 0.603743 0.073064 
9.486175 57.898061 32.499333 0.747456 8.223110 0.963110 0.601944 0.072705 
9.498337 57.971234 32.567652 0.754766 8.239849 0.960114 0.600071 0.072336 
9.510499 58.044054 32.636645 0.762052 8.256723 0.957002 0.598126 0.071959 
9.522661 58.116519 32.706308 0.769314 8.273729 0.953776 0.596110 0.071575 
9.534822 58.188626 32.776640 0.776551 8.290865 0.950439 0.594025 0.071182 
9.546984 58.260371 32.847638 0.783763 8.308138 0.946995 0.591872 0.070782 
9.559146 58.331753 32.919300 0.790947 8.325634 0.943455 0.589659 0.070374 
9.571308 58.402769 32.991625 0.798105 8.343373 0.939824 0.587390 0.069960 
9.583470 58.473418 33.064611 0.805235 8.361352 0.936106 0.585066 0.069538 
9.595631 58.543698 33.138258 0.812336 8.379572 0.932302 0.582689 0.069110 
9.607793 58.613606 33.212564 0.819407 8.398030 0.928415 0.580260 0.068676 
9.619955 58.683143 33.287526 0.826449 8.416726 0.924448 0.577780 0.068236 
9.632117 58.752305 33.363144 0.833461 8.435657 0.920402 0.575251 0.067791 
9.644278 58.821092 33.439416 0.840441 8.454821 0.916281 0.572676 0.067339 
9.656440 58.889501 33.516341 0.847390 8.474218 0.912087 0.570054 0.066883 
9.668602 58.957532 33.593916 0.854307 8.493844 0.907823 0.567389 0.066422 
9.680764 59.025184 33.672141 0.861191 8.513698 0.903490 0.564681 0.065956 
9.692925 59.092454 33.751013 0.868042 8.533778 0.899092 0.561933 0.065486 
9.705087 59.159341 33.830531 0.874859 8.554081 0.894631 0.559145 0.065011 
9.717249 59.225845 33.910693 0.881642 8.574606 0.890110 0.556319 0.064533 
9.729411 59.291964 33.991497 0.888390 8.595349 0.885531 0.553457 0.064051 
9.741572 59.357697 34.072942 0.895104 8.616307 0.880896 0.550560 0.063566 
9.753734 59.423042 34.155025 0.901782 8.637480 0.876208 0.547630 0.063078 
9.765896 59.488000 34.237746 0.908424 8.658863 0.871470 0.544669 0.062587 
9.778058 59.552567 34.321102 0.915030 8.680454 0.866683 0.541677 0.062093 
9.790220 59.616745 34.405090 0.921599 8.702250 0.861851 0.538657 0.061597 
9.802381 59.680531 34.489710 0.928132 8.724249 0.856975 0.535610 0.061099 
9.814543 59.743925 34.574960 0.934627 8.746447 0.852059 0.532537 0.060599 
9.826705 59.806926 34.660837 0.941085 8.768841 0.847103 0.529440 0.060098 
9.838867 59.869533 34.747339 0.947505 8.791429 0.842112 0.526320 0.059595 
9.851028 59.931746 34.834465 0.953887 8.814207 0.837086 0.523178 0.059090 
9.863190 59.993563 34.922212 0.960230 8.837172 0.832028 0.520017 0.058585 
9.875352 60.054984 35.010579 0.966535 8.860321 0.826940 0.516837 0.058079 
9.887514 60.116008 35.099563 0.972802 8.883650 0.821824 0.513640 0.057573 
9.899675 60.176635 35.189162 0.979029 8.907157 0.816684 0.510427 0.057066 
9.911837 60.236863 35.279375 0.985217 8.930837 0.811519 0.507200 0.056559 
9.923999 60.296693 35.370199 0.991366 8.954689 0.806334 0.503959 0.056052 
9.936161 60.356124 35.461632 0.997475 8.978707 0.801129 0.500705 0.055545 
9.948322 60.415156 35.553671 1.003545 9.002890 0.795906 0.497441 0.055039 
9.960484 60.473787 35.646316 1.009574 9.027233 0.790668 0.494168 0.054533 
9.972646 60.532017 35.739563 1.015564 9.051733 0.785417 0.490886 0.054028 
9.984808 60.589847 35.833411 1.021515 9.076386 0.780154 0.487596 0.053524 
9.996969 60.647276 35.927857 1.027425 9.101190 0.774881 0.484300 0.053021 
10.009131 60.704302 36.022899 1.033294 9.126140 0.769599 0.480999 0.052519 
10.021293 60.760927 36.118535 1.039124 9.151234 0.764311 0.477695 0.052019 
10.033455 60.817150 36.214762 1.044914 9.176466 0.759019 0.474387 0.051520 
10.045617 60.872971 36.311579 1.050663 9.201835 0.753723 0.471077 0.051023 
10.057778 60.928388 36.408983 1.056372 9.227337 0.748425 0.467766 0.050528 
10.069940 60.983403 36.506972 1.062041 9.252967 0.743128 0.464455 0.050034 
10.082102 61.038015 36.605543 1.067669 9.278724 0.737832 0.461145 0.049543 
10.094264 61.092224 36.704694 1.073257 9.304602 0.732538 0.457837 0.049054 
10.106425 61.146030 36.804424 1.078805 9.330598 0.727250 0.454531 0.048567 
10.118587 61.199433 36.904729 1.084313 9.356709 0.721966 0.451229 0.048082 
10.130749 61.252432 37.005607 1.089781 9.382932 0.716690 0.447931 0.047600 
10.142911 61.305028 37.107056 1.095208 9.409263 0.711422 0.444639 0.047121 
10.155072 61.357221 37.209074 1.100596 9.435699 0.706164 0.441352 0.046644 
10.167234 61.409011 37.311658 1.105944 9.462235 0.700916 0.438073 0.046170 
10.179396 61.460398 37.414806 1.111251 9.488869 0.695681 0.434800 0.045699 
10.191558 61.511381 37.518515 1.116520 9.515597 0.690458 0.431536 0.045231 
10.203719 61.561962 37.622783 1.121748 9.542416 0.685249 0.428281 0.044767 
10.215881 61.612140 37.727609 1.126937 9.569322 0.680056 0.425035 0.044305 
10.228043 61.661916 37.832988 1.132086 9.596311 0.674879 0.421799 0.043846 
10.240205 61.711289 37.938919 1.137197 9.623382 0.669719 0.418574 0.043391 
10.252367 61.760260 38.045400 1.142268 9.650530 0.664577 0.415360 0.042938 
10.264528 61.808829 38.152428 1.147300 9.677751 0.659453 0.412158 0.042490 
10.276690 61.856997 38.260001 1.152293 9.705043 0.654350 0.408969 0.042044 
10.288852 61.904763 38.368116 1.157247 9.732403 0.649267 0.405792 0.041602 
10.301014 61.952128 38.476771 1.162163 9.759826 0.644206 0.402629 0.041164 
10.313175 61.999093 38.585963 1.167041 9.787311 0.639167 0.399479 0.040729 
10.325337 62.045657 38.695690 1.171880 9.814853 0.634151 0.396344 0.040298 
10.337499 62.091821 38.805949 1.176681 9.842449 0.629158 0.393224 0.039870 
10.349661 62.137586 38.916739 1.181445 9.870097 0.624190 0.390119 0.039446 
10.361822 62.182951 39.028055 1.186170 9.897793 0.619246 0.387029 0.039026 
10.373984 62.227918 39.139898 1.190859 9.925535 0.614328 0.383955 0.038610 
10.386146 62.272486 39.252262 1.195510 9.953318 0.609436 0.380897 0.038197 
10.398308 62.316657 39.365147 1.200123 9.981141 0.604570 0.377856 0.037788 
10.410469 62.360431 39.478549 1.204700 10.009000 0.599731 0.374832 0.037382 
10.422631 62.403807 39.592467 1.209241 10.036892 0.594920 0.371825 0.036981 
10.434793 62.446788 39.706898 1.213745 10.064814 0.590137 0.368835 0.036583 
10.446955 62.489372 39.821838 1.218212 10.092764 0.585382 0.365864 0.036189 
10.459116 62.531562 39.937287 1.222644 10.120739 0.580656 0.362910 0.035799 
10.471278 62.573357 40.053240 1.227039 10.148735 0.575958 0.359974 0.035413 
10.483440 62.614758 40.169697 1.231400 10.176750 0.571291 0.357057 0.035030 
10.495602 62.655766 40.286653 1.235724 10.204782 0.566653 0.354158 0.034652 
10.507764 62.696381 40.404108 1.240014 10.232827 0.562045 0.351278 0.034277 
10.519925 62.736604 40.522058 1.244269 10.260883 0.557468 0.348417 0.033906 
10.532087 62.776436 40.640501 1.248489 10.288947 0.552921 0.345576 0.033539 
10.544249 62.815877 40.759434 1.252675 10.317017 0.548405 0.342753 0.033175 
10.556411 62.854928 40.878855 1.256826 10.345090 0.543920 0.339950 0.032816 
10.568572 62.893590 40.998761 1.260943 10.373164 0.539466 0.337166 0.032460 
10.580734 62.931863 41.119150 1.265027 10.401236 0.535044 0.334403 0.032108 
10.592896 62.969748 41.240020 1.269077 10.429303 0.530653 0.331658 0.031760 
10.605058 63.007246 41.361368 1.273094 10.457364 0.526294 0.328934 0.031415 
10.617219 63.044358 41.483191 1.277078 10.485415 0.521967 0.326230 0.031074 
10.629381 63.081085 41.605487 1.281029 10.513456 0.517672 0.323545 0.030737 
10.641543 63.117426 41.728253 1.284948 10.541482 0.513409 0.320881 0.030404 
10.653705 63.153384 41.851488 1.288834 10.569492 0.509178 0.318236 0.030074 
10.665866 63.188959 41.975188 1.292689 10.597484 0.504979 0.315612 0.029748 
10.678028 63.224151 42.099351 1.296511 10.625455 0.500812 0.313008 0.029426 
10.690190 63.258962 42.223974 1.300302 10.653404 0.496678 0.310423 0.029107 
10.702352 63.293392 42.349056 1.304062 10.681328 0.492575 0.307860 0.028792 
10.714514 63.327443 42.474593 1.307791 10.709225 0.488505 0.305316 0.028480 
10.726675 63.361115 42.600584 1.311488 10.737093 0.484467 0.302792 0.028172 
10.738837 63.394409 42.727025 1.315156 10.764931 0.480462 0.300289 0.027867 
10.750999 63.427326 42.853915 1.318793 10.792735 0.476488 0.297805 0.027566 
10.763161 63.459867 42.981250 1.322399 10.820505 0.472547 0.295342 0.027269 
10.775322 63.492032 43.109029 1.325976 10.848237 0.468638 0.292899 0.026974 
10.787484 63.523823 43.237248 1.329524 10.875931 0.464761 0.290475 0.026684 
10.799646 63.555241 43.365906 1.333042 10.903585 0.460915 0.288072 0.026396 
10.811808 63.586287 43.495001 1.336531 10.931196 0.457102 0.285689 0.026112 
10.823969 63.616961 43.624528 1.339991 10.958764 0.453320 0.283325 0.025832 
10.836131 63.647265 43.754487 1.343422 10.986285 0.449570 0.280981 0.025554 
10.848293 63.677200 43.884875 1.346825 11.013759 0.445852 0.278657 0.025280 
10.860455 63.706765 44.015689 1.350200 11.041184 0.442165 0.276353 0.025009 
10.872616 63.735964 44.146927 1.353547 11.068558 0.438509 0.274068 0.024742 
10.884778 63.764796 44.278586 1.356867 11.095879 0.434885 0.271803 0.024477 
10.896940 63.793263 44.410664 1.360159 11.123147 0.431292 0.269557 0.024216 
10.909102 63.821365 44.543159 1.363423 11.150359 0.427729 0.267331 0.023957 
10.921264 63.849103 44.676069 1.366661 11.177514 0.424197 0.265123 0.023702 
10.933425 63.876480 44.809390 1.369872 11.204610 0.420696 0.262935 0.023450 
10.945587 63.903495 44.943121 1.373057 11.231647 0.417226 0.260766 0.023201 
10.957749 63.930150 45.077259 1.376215 11.258622 0.413786 0.258616 0.022955 
10.969911 63.956446 45.211802 1.379347 11.285534 0.410375 0.256485 0.022712 
10.982072 63.982383 45.346747 1.382454 11.312382 0.406995 0.254372 0.022472 
10.994234 64.007964 45.482092 1.385535 11.339165 0.403645 0.252278 0.022234 
11.006396 64.033189 45.617835 1.388590 11.365882 0.400324 0.250202 0.022000 
11.018558 64.058059 45.753973 1.391621 11.392530 0.397033 0.248145 0.021768 
11.030719 64.082575 45.890504 1.394626 11.419109 0.393770 0.246106 0.021539 
11.042881 64.106738 46.027426 1.397607 11.445618 0.390537 0.244086 0.021313 
11.055043 64.130550 46.164737 1.400563 11.472055 0.387333 0.242083 0.021090 
11.067205 64.154011 46.302433 1.403495 11.498419 0.384157 0.240098 0.020869 
11.079366 64.177123 46.440513 1.406403 11.524710 0.381010 0.238131 0.020651 
11.091528 64.199887 46.578974 1.409287 11.550926 0.377891 0.236182 0.020436 
11.103690 64.222304 46.717815 1.412148 11.577065 0.374800 0.234250 0.020223 
11.115852 64.244375 46.857032 1.414985 11.603128 0.371737 0.232336 0.020013 
11.128013 64.266101 46.996624 1.417799 11.629113 0.368701 0.230438 0.019806 
11.140175 64.287484 47.136588 1.420590 11.655019 0.365693 0.228558 0.019601 
11.152337 64.308524 47.276923 1.423359 11.680845 0.362712 0.226695 0.019398 
11.164499 64.329222 47.417625 1.426105 11.706590 0.359759 0.224849 0.019198 
11.176661 64.349581 47.558692 1.428828 11.732254 0.356831 0.223020 0.019000 
11.188822 64.369600 47.700123 1.431529 11.757835 0.353931 0.221207 0.018805 
11.200984 64.389282 47.841914 1.434209 11.783332 0.351057 0.219410 0.018612 
11.213146 64.408627 47.984065 1.436866 11.808745 0.348209 0.217630 0.018422 
11.225308 64.427636 48.126572 1.439502 11.834074 0.345386 0.215866 0.018233 
11.237469 64.446311 48.269433 1.442117 11.859316 0.342590 0.214119 0.018047 
11.249631 64.464653 48.412646 1.444710 11.884472 0.339819 0.212387 0.017864 
11.261793 64.482663 48.556210 1.447283 11.909540 0.337073 0.210671 0.017682 
11.273955 64.500342 48.700121 1.449835 11.934520 0.334352 0.208970 0.017503 
11.286116 64.517692 48.844377 1.452366 11.959412 0.331656 0.207285 0.017326 
11.298278 64.534713 48.988978 1.454877 11.984214 0.328985 0.205616 0.017151 
11.310440 64.551407 49.133919 1.457367 12.008927 0.326338 0.203961 0.016978 
11.322602 64.567775 49.279199 1.459838 12.033549 0.323715 0.202322 0.016807 
11.334763 64.583818 49.424816 1.462288 12.058079 0.321116 0.200698 0.016638 
11.346925 64.599538 49.570769 1.464719 12.082518 0.318541 0.199088 0.016472 
11.359087 64.614935 49.717053 1.467131 12.106864 0.315989 0.197493 0.016307 
11.371249 64.630011 49.863669 1.469523 12.131118 0.313461 0.195913 0.016144 
11.383411 64.644767 50.010612 1.471896 12.155278 0.310956 0.194347 0.015983 
11.395572 64.659205 50.157882 1.474251 12.179345 0.308473 0.192796 0.015825 
11.407734 64.673324 50.305477 1.476586 12.203317 0.306013 0.191258 0.015668 
11.419896 64.687128 50.453393 1.478903 12.227194 0.303576 0.189735 0.015513 
11.432058 64.700616 50.601630 1.481201 12.250976 0.301161 0.188225 0.015359 
11.444219 64.713791 50.750184 1.483481 12.274663 0.298767 0.186730 0.015208 
11.456381 64.726653 50.899055 1.485743 12.298253 0.296396 0.185248 0.015059 
11.468543 64.739203 51.048239 1.487987 12.321748 0.294046 0.183779 0.014911 
11.480705 64.751443 51.197735 1.490213 12.345145 0.291718 0.182323 0.014765 
11.492866 64.763375 51.347541 1.492422 12.368445 0.289410 0.180881 0.014620 
11.505028 64.774998 51.497655 1.494613 12.391648 0.287124 0.179452 0.014478 
11.517190 64.786315 51.648075 1.496787 12.414753 0.284858 0.178036 0.014337 
11.529352 64.797327 51.798799 1.498943 12.437760 0.282613 0.176633 0.014198 
11.541513 64.808035 51.949824 1.501083 12.460669 0.280388 0.175242 0.014060 
11.553675 64.818440 52.101149 1.503206 12.483479 0.278183 0.173864 0.013924 
11.565837 64.828543 52.252772 1.505312 12.506191 0.275998 0.172499 0.013790 
11.577999 64.838346 52.404691 1.507402 12.528803 0.273833 0.171145 0.013657 
11.590160 64.847849 52.556904 1.509475 12.551317 0.271687 0.169804 0.013526 
11.602322 64.857055 52.709409 1.511532 12.573731 0.269561 0.168475 0.013396 
11.614484 64.865964 52.862204 1.513573 12.596045 0.267453 0.167158 0.013268 
11.626646 64.874578 53.015287 1.515598 12.618259 0.265365 0.165853 0.013141 
11.638808 64.882898 53.168656 1.517607 12.640374 0.263295 0.164560 0.013016 
11.650969 64.890924 53.322310 1.519601 12.662388 0.261244 0.163278 0.012892 
11.663131 64.898659 53.476246 1.521579 12.684302 0.259211 0.162007 0.012770 
11.675293 64.906104 53.630463 1.523541 12.706116 0.257197 0.160748 0.012649 
11.687455 64.913259 53.784958 1.525489 12.727830 0.255200 0.159500 0.012529 
11.699616 64.920126 53.939730 1.527421 12.749443 0.253221 0.158263 0.012411 
11.711778 64.926706 54.094777 1.529338 12.770955 0.251260 0.157037 0.012294 
11.723940 64.933001 54.250097 1.531241 12.792367 0.249316 0.155822 0.012179 
11.736102 64.939011 54.405689 1.533129 12.813678 0.247389 0.154618 0.012064 
11.748263 64.944738 54.561550 1.535002 12.834888 0.245479 0.153424 0.011952 
11.760425 64.950184 54.717678 1.536860 12.855998 0.243586 0.152241 0.011840 
11.772587 64.955349 54.874072 1.538705 12.877007 0.241710 0.151069 0.011730 
11.784749 64.960234 55.030730 1.540535 12.897915 0.239850 0.149906 0.011621 
11.796910 64.964841 55.187651 1.542351 12.918722 0.238007 0.148754 0.011513 
11.809072 64.969172 55.344831 1.544153 12.939429 0.236179 0.147612 0.011406 
11.821234 64.973226 55.502271 1.545942 12.960034 0.234368 0.146480 0.011301 
11.833396 64.977006 55.659967 1.547716 12.980539 0.232573 0.145358 0.011196 
11.845558 64.980513 55.817919 1.549477 13.000944 0.230793 0.144245 0.011093 
11.857719 64.983748 55.976124 1.551225 13.021248 0.229028 0.143143 0.010991 
11.869881 64.986712 56.134580 1.552959 13.041451 0.227232 0.142020 0.010888 
11.882043 64.989406 56.293287 1.554677 13.061537 0.224551 0.140344 0.010743 
11.894205 64.991834 56.452241 1.556370 13.081458 0.220683 0.137927 0.010542 
11.906366 64.993998 56.611440 1.558029 13.101165 0.215653 0.134783 0.010286 
11.918528 64.995904 56.770880 1.559645 13.120607 0.209482 0.130926 0.009977 
11.930690 64.997559 56.930558 1.561210 13.139733 0.202193 0.126371 0.009616 
11.942852 64.998971 57.090468 1.562716 13.158493 0.193808 0.121130 0.009204 
11.955013 65.000149 57.250606 1.564154 13.176836 0.184346 0.115216 0.008743 
11.967175 65.001104 57.410966 1.565516 13.194711 0.173827 0.108642 0.008233 
11.979337 65.001848 57.571542 1.566794 13.212068 0.162268 0.101417 0.007676 
11.991499 65.002395 57.732325 1.567980 13.228856 0.149686 0.093554 0.007071 
12.003660 65.002759 57.893310 1.569067 13.245024 0.136098 0.085061 0.006422 
12.015822 65.002957 58.054488 1.570047 13.260525 0.121516 0.075948 0.005727 
12.027984 65.003007 58.215850 1.570912 13.275307 0.105956 0.066222 0.004988 
12.040146 65.002927 58.377387 1.571655 13.289323 0.089428 0.055892 0.004206 
12.052308 65.002736 58.539090 1.572269 13.302525 0.071942 0.044964 0.003380 
12.064469 65.002458 58.700948 1.572746 13.314865 0.053507 0.033442 0.002512 
12.076631 65.002113 58.862950 1.573080 13.326298 0.034132 0.021332 0.001601 
12.088793 65.001725 59.025085 1.573263 13.336779 0.013821 0.008638 0.000648 
12.100955 65.001321 59.187342 1.573288 13.346264 -0.007421 -0.004638 -0.000348 
12.113116 65.000926 59.349708 1.573148 13.354711 -0.029591 -0.018494 -0.001385 
12.125278 65.000567 59.512171 1.572835 13.362080 -0.052688 -0.032930 -0.002464 
12.137440 65.000273 59.674716 1.572344 13.368330 -0.076712 -0.047945 -0.003586 
12.149602 65.000073 59.837331 1.571667 13.373425 -0.101665 -0.063541 -0.004751 
12.161763 65.000000 60.000000 1.570796 13.377330 -0.127551 -0.079720 -0.005959 
